Time, Vsupply, dca, ia, take
0.0, 16.293, 0.0, -0.022, 1
0.002, 16.294, 0.0, -0.012, 1
0.003, 16.294, 0.001, -0.023, 1
0.004, 16.293, 0.002, -0.015, 1
0.005, 16.293, 0.003, -0.006, 1
0.006, 16.293, 0.004, -0.021, 1
0.007, 16.293, 0.004, -0.018, 1
0.008, 16.293, 0.005, -0.01, 1
0.009, 16.293, 0.006, -0.014, 1
0.01, 16.293, 0.007, -0.013, 1
0.011, 16.293, 0.008, -0.02, 1
0.012, 16.293, 0.008, -0.02, 1
0.013, 16.293, 0.008, -0.022, 1
0.014, 16.293, 0.01, -0.026, 1
0.015, 16.293, 0.011, -0.025, 1
0.016, 16.293, 0.012, -0.017, 1
0.017, 16.293, 0.012, -0.015, 1
0.018, 16.293, 0.013, -0.022, 1
0.019, 16.293, 0.014, -0.02, 1
0.02, 16.293, 0.015, -0.023, 1
0.021, 16.293, 0.016, -0.019, 1
0.022, 16.293, 0.016, -0.019, 1
0.023, 16.293, 0.016, -0.029, 1
0.024, 16.293, 0.018, 0.151, 1
0.025, 16.293, 0.019, 0.218, 1
0.026, 16.292, 0.02, 0.359, 1
0.027, 16.292, 0.02, 0.177, 1
0.028, 16.292, 0.021, 0.356, 1
0.029, 16.292, 0.022, 0.498, 1
0.03, 16.292, 0.023, 0.645, 1
0.031, 16.292, 0.024, 0.502, 1
0.032, 16.292, 0.024, 0.751, 1
0.033, 16.292, 0.025, 0.897, 1
0.034, 16.292, 0.026, 0.762, 1
0.035, 16.291, 0.027, 0.997, 1
0.036, 16.291, 0.028, 1.021, 1
0.037, 16.291, 0.028, 1.021, 1
0.038, 16.291, 0.029, 1.143, 1
0.039, 16.291, 0.03, 1.179, 1
0.04, 16.291, 0.03, 1.179, 1
0.041, 16.289, 0.032, 1.45, 1
0.042, 16.289, 0.032, 1.291, 1
0.043, 16.289, 0.033, 1.493, 1
0.044, 16.289, 0.034, 1.71, 1
0.045, 16.289, 0.035, 1.728, 1
0.046, 16.289, 0.036, 1.827, 1
0.047, 16.289, 0.036, 1.776, 1
0.048, 16.289, 0.037, 1.795, 1
0.049, 16.289, 0.037, 1.795, 1
0.05, 16.288, 0.039, 2.099, 1
0.051, 16.288, 0.04, 1.964, 1
0.052, 16.287, 0.04, 2.04, 1
0.053, 16.287, 0.04, 2.04, 1
0.054, 16.287, 0.041, 2.163, 1
0.055, 16.286, 0.043, 2.41, 1
0.056, 16.285, 0.044, 2.547, 1
0.057, 16.286, 0.044, 2.575, 1
0.058, 16.285, 0.045, 2.578, 1
0.059, 16.285, 0.046, 2.73, 1
0.06, 16.285, 0.047, 2.687, 1
0.061, 16.284, 0.048, 2.718, 1
0.062, 16.284, 0.048, 2.865, 1
0.063, 16.284, 0.049, 3.09, 1
0.064, 16.283, 0.05, 2.993, 1
0.065, 16.282, 0.051, 3.155, 1
0.066, 16.282, 0.052, 3.273, 1
0.067, 16.282, 0.052, 3.217, 1
0.068, 16.281, 0.053, 3.371, 1
0.069, 16.281, 0.054, 3.422, 1
0.07, 16.28, 0.055, 3.494, 1
0.071, 16.279, 0.056, 3.487, 1
0.072, 16.279, 0.056, 3.436, 1
0.073, 16.279, 0.057, 3.604, 1
0.074, 16.278, 0.058, 3.748, 1
0.075, 16.277, 0.059, 3.695, 1
0.076, 16.276, 0.06, 3.798, 1
0.077, 16.276, 0.06, 3.765, 1
0.078, 16.275, 0.061, 3.827, 1
0.079, 16.275, 0.062, 3.902, 1
0.081, 16.275, 0.063, 3.932, 1
0.081, 16.273, 0.064, 3.985, 1
0.082, 16.273, 0.064, 3.991, 1
0.083, 16.272, 0.065, 4.036, 1
0.084, 16.272, 0.066, 4.049, 1
0.085, 16.272, 0.067, 4.084, 1
0.086, 16.271, 0.068, 4.097, 1
0.087, 16.271, 0.068, 4.088, 1
0.088, 16.271, 0.068, 4.088, 1
0.089, 16.27, 0.07, 4.058, 1
0.09, 16.27, 0.071, 4.135, 1
0.091, 16.27, 0.071, 4.135, 1
0.092, 16.269, 0.072, 4.074, 1
0.093, 16.268, 0.073, 4.033, 1
0.094, 16.267, 0.074, 4.066, 1
0.095, 16.266, 0.075, 4.141, 1
0.096, 16.265, 0.076, 3.948, 1
0.097, 16.265, 0.076, 3.911, 1
0.098, 16.264, 0.077, 3.938, 1
0.099, 16.263, 0.078, 3.778, 1
0.1, 16.262, 0.079, 3.765, 1
0.101, 16.262, 0.079, 3.765, 1
0.102, 16.261, 0.08, 3.755, 1
0.103, 16.261, 0.081, 3.589, 1
0.104, 16.26, 0.082, 3.502, 1
0.105, 16.259, 0.083, 3.295, 1
0.106, 16.258, 0.084, 3.307, 1
0.107, 16.258, 0.084, 3.405, 1
0.108, 16.257, 0.085, 3.316, 1
0.109, 16.255, 0.086, 3.313, 1
0.11, 16.255, 0.087, 3.244, 1
0.111, 16.253, 0.088, 3.298, 1
0.112, 16.253, 0.088, 3.28, 1
0.113, 16.252, 0.089, 3.31, 1
0.114, 16.251, 0.09, 3.335, 1
0.115, 16.251, 0.091, 3.373, 1
0.116, 16.25, 0.092, 3.405, 1
0.117, 16.249, 0.092, 3.409, 1
0.118, 16.249, 0.093, 3.424, 1
0.119, 16.247, 0.094, 3.494, 1
0.12, 16.246, 0.095, 3.525, 1
0.121, 16.245, 0.096, 3.551, 1
0.122, 16.244, 0.096, 3.553, 1
0.123, 16.244, 0.097, 3.585, 1
0.124, 16.242, 0.098, 3.644, 1
0.125, 16.24, 0.099, 3.677, 1
0.126, 16.24, 0.1, 3.714, 1
0.127, 16.239, 0.1, 3.715, 1
0.128, 16.239, 0.101, 3.74, 1
0.129, 16.237, 0.102, 3.772, 1
0.13, 16.235, 0.103, 3.841, 1
0.131, 16.235, 0.104, 3.853, 1
0.132, 16.235, 0.104, 3.865, 1
0.133, 16.233, 0.105, 3.926, 1
0.134, 16.231, 0.106, 3.97, 1
0.135, 16.23, 0.107, 3.987, 1
0.136, 16.229, 0.108, 4.017, 1
0.137, 16.229, 0.108, 4.041, 1
0.138, 16.227, 0.109, 4.111, 1
0.139, 16.225, 0.11, 4.115, 1
0.14, 16.224, 0.111, 4.156, 1
0.141, 16.223, 0.112, 4.209, 1
0.142, 16.222, 0.112, 4.197, 1
0.143, 16.222, 0.113, 4.236, 1
0.144, 16.22, 0.114, 4.273, 1
0.145, 16.218, 0.115, 4.336, 1
0.146, 16.217, 0.116, 4.372, 1
0.147, 16.217, 0.116, 4.36, 1
0.148, 16.216, 0.117, 4.383, 1
0.149, 16.215, 0.118, 4.456, 1
0.15, 16.213, 0.119, 4.482, 1
0.151, 16.212, 0.12, 4.533, 1
0.152, 16.211, 0.12, 4.532, 1
0.153, 16.21, 0.121, 4.567, 1
0.154, 16.209, 0.122, 4.591, 1
0.155, 16.207, 0.123, 4.664, 1
0.156, 16.206, 0.124, 4.708, 1
0.157, 16.205, 0.124, 4.686, 1
0.158, 16.204, 0.125, 4.764, 1
0.159, 16.202, 0.126, 4.817, 1
0.16, 16.201, 0.127, 4.85, 1
0.161, 16.199, 0.128, 4.893, 1
0.162, 16.199, 0.128, 4.89, 1
0.163, 16.197, 0.129, 4.939, 1
0.164, 16.196, 0.13, 4.976, 1
0.165, 16.194, 0.131, 5.018, 1
0.166, 16.192, 0.132, 5.046, 1
0.167, 16.191, 0.132, 5.04, 1
0.168, 16.19, 0.133, 5.124, 1
0.169, 16.188, 0.134, 5.145, 1
0.17, 16.187, 0.135, 5.186, 1
0.171, 16.185, 0.136, 5.227, 1
0.172, 16.185, 0.136, 5.23, 1
0.173, 16.184, 0.137, 5.276, 1
0.174, 16.182, 0.138, 5.327, 1
0.175, 16.18, 0.139, 5.355, 1
0.176, 16.179, 0.14, 5.409, 1
0.177, 16.179, 0.14, 5.401, 1
0.178, 16.177, 0.141, 5.449, 1
0.179, 16.175, 0.142, 5.504, 1
0.18, 16.173, 0.143, 5.54, 1
0.181, 16.172, 0.144, 5.583, 1
0.182, 16.171, 0.144, 5.579, 1
0.183, 16.17, 0.145, 5.605, 1
0.184, 16.167, 0.146, 5.712, 1
0.185, 16.165, 0.147, 5.734, 1
0.186, 16.164, 0.148, 5.745, 1
0.187, 16.164, 0.148, 5.761, 1
0.188, 16.161, 0.149, 5.82, 1
0.189, 16.159, 0.15, 5.871, 1
0.19, 16.158, 0.151, 5.915, 1
0.191, 16.158, 0.151, 5.915, 1
0.192, 16.156, 0.152, 5.929, 1
0.193, 16.154, 0.153, 5.991, 1
0.194, 16.151, 0.154, 6.041, 1
0.195, 16.149, 0.155, 6.05, 1
0.196, 16.148, 0.156, 6.12, 1
0.197, 16.147, 0.156, 6.089, 1
0.198, 16.146, 0.157, 6.142, 1
0.199, 16.143, 0.158, 6.2, 1
0.2, 16.141, 0.159, 6.26, 1
0.201, 16.139, 0.16, 6.287, 1
0.202, 16.138, 0.16, 6.284, 1
0.203, 16.137, 0.161, 6.314, 1
0.204, 16.135, 0.162, 6.386, 1
0.205, 16.133, 0.163, 6.433, 1
0.206, 16.131, 0.164, 6.457, 1
0.207, 16.129, 0.164, 6.461, 1
0.208, 16.128, 0.165, 6.495, 1
0.209, 16.126, 0.166, 6.54, 1
0.21, 16.123, 0.167, 6.607, 1
0.211, 16.121, 0.168, 6.619, 1
0.212, 16.12, 0.168, 6.646, 1
0.213, 16.117, 0.169, 6.694, 1
0.214, 16.115, 0.17, 6.724, 1
0.215, 16.113, 0.171, 6.774, 1
0.216, 16.112, 0.172, 6.797, 1
0.217, 16.111, 0.172, 6.797, 1
0.218, 16.108, 0.173, 6.869, 1
0.219, 16.105, 0.174, 6.908, 1
0.22, 16.104, 0.175, 6.94, 1
0.221, 16.102, 0.176, 6.982, 1
0.222, 16.102, 0.176, 6.982, 1
0.223, 16.102, 0.176, 6.978, 1
0.224, 16.098, 0.178, 7.052, 1
0.225, 16.095, 0.179, 7.12, 1
0.226, 16.092, 0.18, 7.15, 1
0.227, 16.092, 0.18, 7.135, 1
0.228, 16.091, 0.181, 7.146, 1
0.229, 16.088, 0.182, 7.239, 1
0.23, 16.085, 0.183, 7.28, 1
0.231, 16.084, 0.184, 7.289, 1
0.232, 16.082, 0.184, 7.303, 1
0.233, 16.081, 0.185, 7.327, 1
0.234, 16.08, 0.186, 7.375, 1
0.235, 16.076, 0.187, 7.416, 1
0.236, 16.074, 0.188, 7.457, 1
0.237, 16.073, 0.188, 7.483, 1
0.238, 16.07, 0.189, 7.542, 1
0.239, 16.07, 0.19, 7.557, 1
0.24, 16.07, 0.191, 7.602, 1
0.241, 16.068, 0.192, 7.632, 1
0.242, 16.068, 0.192, 7.637, 1
0.243, 16.065, 0.193, 7.695, 1
0.244, 16.063, 0.194, 7.733, 1
0.245, 16.061, 0.195, 7.752, 1
0.246, 16.059, 0.196, 7.78, 1
0.247, 16.057, 0.196, 7.783, 1
0.248, 16.056, 0.197, 7.817, 1
0.249, 16.052, 0.198, 7.896, 1
0.25, 16.049, 0.199, 7.937, 1
0.251, 16.047, 0.2, 7.953, 1
0.252, 16.047, 0.2, 7.958, 1
0.253, 16.046, 0.201, 8.014, 1
0.254, 16.042, 0.202, 8.055, 1
0.255, 16.04, 0.203, 8.092, 1
0.256, 16.041, 0.202, 8.05, 1
0.257, 16.041, 0.202, 8.056, 1
0.258, 16.045, 0.201, 7.986, 1
0.259, 16.048, 0.2, 7.959, 1
0.26, 16.05, 0.199, 7.918, 1
0.261, 16.053, 0.198, 7.894, 1
0.262, 16.053, 0.198, 7.898, 1
0.263, 16.057, 0.197, 7.828, 1
0.264, 16.059, 0.196, 7.79, 1
0.265, 16.062, 0.195, 7.751, 1
0.266, 16.064, 0.194, 7.748, 1
0.267, 16.065, 0.194, 7.72, 1
0.268, 16.067, 0.193, 7.675, 1
0.269, 16.07, 0.192, 7.632, 1
0.27, 16.073, 0.191, 7.588, 1
0.271, 16.075, 0.19, 7.573, 1
0.272, 16.076, 0.19, 7.566, 1
0.273, 16.077, 0.189, 7.529, 1
0.274, 16.08, 0.188, 7.454, 1
0.275, 16.082, 0.187, 7.431, 1
0.276, 16.086, 0.186, 7.351, 1
0.277, 16.087, 0.186, 7.371, 1
0.278, 16.089, 0.185, 7.321, 1
0.279, 16.091, 0.184, 7.318, 1
0.28, 16.093, 0.183, 7.285, 1
0.281, 16.095, 0.182, 7.224, 1
0.282, 16.096, 0.182, 7.221, 1
0.283, 16.099, 0.181, 7.157, 1
0.284, 16.102, 0.18, 7.131, 1
0.285, 16.104, 0.179, 7.096, 1
0.286, 16.106, 0.178, 7.053, 1
0.287, 16.106, 0.178, 7.068, 1
0.288, 16.109, 0.177, 6.977, 1
0.289, 16.111, 0.176, 6.969, 1
0.29, 16.113, 0.175, 6.918, 1
0.291, 16.114, 0.174, 6.875, 1
0.292, 16.115, 0.174, 6.907, 1
0.293, 16.116, 0.173, 6.87, 1
0.294, 16.119, 0.172, 6.823, 1
0.295, 16.122, 0.171, 6.746, 1
0.296, 16.125, 0.17, 6.731, 1
0.297, 16.125, 0.17, 6.724, 1
0.298, 16.126, 0.169, 6.688, 1
0.299, 16.126, 0.169, 6.688, 1
0.3, 16.126, 0.169, 6.688, 1
0.301, 16.126, 0.169, 6.688, 1
0.302, 16.136, 0.166, 6.516, 1
0.303, 16.136, 0.165, 6.478, 1
0.304, 16.139, 0.164, 6.479, 1
0.305, 16.14, 0.163, 6.426, 1
0.306, 16.142, 0.162, 6.383, 1
0.307, 16.143, 0.162, 6.365, 1
0.308, 16.145, 0.161, 6.316, 1
0.309, 16.147, 0.16, 6.264, 1
0.31, 16.148, 0.159, 6.232, 1
0.311, 16.149, 0.158, 6.183, 1
0.312, 16.151, 0.158, 6.199, 1
0.313, 16.153, 0.157, 6.133, 1
0.314, 16.155, 0.156, 6.101, 1
0.315, 16.157, 0.155, 6.078, 1
0.316, 16.158, 0.154, 6.054, 1
0.317, 16.16, 0.154, 6.015, 1
0.318, 16.161, 0.153, 5.993, 1
0.319, 16.161, 0.153, 5.993, 1
0.32, 16.165, 0.152, 5.944, 1
0.321, 16.167, 0.15, 5.866, 1
0.322, 16.167, 0.15, 5.867, 1
0.323, 16.169, 0.149, 5.806, 1
0.324, 16.171, 0.148, 5.742, 1
0.325, 16.173, 0.147, 5.719, 1
0.326, 16.175, 0.146, 5.689, 1
0.327, 16.175, 0.146, 5.695, 1
0.328, 16.176, 0.145, 5.626, 1
0.329, 16.178, 0.144, 5.566, 1
0.33, 16.18, 0.143, 5.53, 1
0.331, 16.181, 0.142, 5.509, 1
0.332, 16.182, 0.142, 5.506, 1
0.333, 16.183, 0.141, 5.442, 1
0.334, 16.186, 0.14, 5.405, 1
0.335, 16.188, 0.139, 5.363, 1
0.336, 16.189, 0.138, 5.334, 1
0.337, 16.19, 0.138, 5.343, 1
0.338, 16.192, 0.137, 5.265, 1
0.339, 16.194, 0.136, 5.222, 1
0.34, 16.196, 0.135, 5.171, 1
0.341, 16.197, 0.134, 5.138, 1
0.342, 16.197, 0.134, 5.15, 1
0.343, 16.198, 0.133, 5.104, 1
0.344, 16.2, 0.132, 5.045, 1
0.345, 16.203, 0.131, 4.997, 1
0.346, 16.203, 0.13, 4.981, 1
0.347, 16.204, 0.13, 4.968, 1
0.348, 16.205, 0.129, 4.956, 1
0.349, 16.205, 0.129, 4.956, 1
0.35, 16.208, 0.128, 4.882, 1
0.351, 16.21, 0.126, 4.803, 1
0.352, 16.211, 0.126, 4.809, 1
0.353, 16.212, 0.125, 4.758, 1
0.354, 16.214, 0.124, 4.69, 1
0.355, 16.216, 0.123, 4.683, 1
0.356, 16.218, 0.122, 4.594, 1
0.357, 16.219, 0.122, 4.585, 1
0.358, 16.22, 0.121, 4.557, 1
0.359, 16.221, 0.12, 4.521, 1
0.36, 16.222, 0.119, 4.5, 1
0.361, 16.224, 0.118, 4.46, 1
0.362, 16.225, 0.118, 4.438, 1
0.363, 16.226, 0.117, 4.396, 1
0.364, 16.227, 0.116, 4.357, 1
0.365, 16.229, 0.115, 4.312, 1
0.366, 16.229, 0.114, 4.282, 1
0.367, 16.229, 0.114, 4.277, 1
0.368, 16.231, 0.113, 4.227, 1
0.369, 16.232, 0.112, 4.178, 1
0.37, 16.234, 0.111, 4.157, 1
0.371, 16.235, 0.11, 4.13, 1
0.372, 16.236, 0.11, 4.128, 1
0.373, 16.236, 0.109, 4.085, 1
0.374, 16.238, 0.108, 4.016, 1
0.375, 16.239, 0.107, 3.992, 1
0.376, 16.24, 0.106, 3.958, 1
0.377, 16.24, 0.106, 3.953, 1
0.378, 16.241, 0.105, 3.93, 1
0.379, 16.244, 0.104, 3.855, 1
0.38, 16.244, 0.103, 3.828, 1
0.381, 16.246, 0.102, 3.765, 1
0.382, 16.246, 0.102, 3.778, 1
0.383, 16.247, 0.101, 3.747, 1
0.384, 16.249, 0.1, 3.707, 1
0.385, 16.25, 0.099, 3.688, 1
0.386, 16.25, 0.098, 3.65, 1
0.387, 16.25, 0.098, 3.648, 1
0.388, 16.251, 0.097, 3.593, 1
0.389, 16.252, 0.096, 3.541, 1
0.39, 16.253, 0.095, 3.516, 1
0.391, 16.254, 0.094, 3.485, 1
0.392, 16.255, 0.094, 3.494, 1
0.393, 16.257, 0.093, 3.425, 1
0.394, 16.258, 0.092, 3.389, 1
0.395, 16.259, 0.091, 3.375, 1
0.396, 16.259, 0.09, 3.362, 1
0.397, 16.259, 0.09, 3.339, 1
0.398, 16.261, 0.089, 3.318, 1
0.399, 16.262, 0.088, 3.304, 1
0.4, 16.263, 0.087, 3.296, 1
0.401, 16.264, 0.086, 3.365, 1
0.402, 16.265, 0.086, 3.267, 1
0.403, 16.265, 0.085, 3.324, 1
0.404, 16.267, 0.084, 3.425, 1
0.405, 16.267, 0.083, 3.343, 1
0.406, 16.269, 0.082, 3.628, 1
0.407, 16.269, 0.082, 3.628, 1
0.408, 16.27, 0.082, 3.692, 1
0.409, 16.271, 0.08, 3.804, 1
0.41, 16.271, 0.079, 3.67, 1
0.411, 16.271, 0.078, 3.798, 1
0.412, 16.272, 0.078, 3.696, 1
0.413, 16.273, 0.077, 3.886, 1
0.414, 16.274, 0.076, 4.028, 1
0.415, 16.275, 0.075, 3.908, 1
0.416, 16.276, 0.074, 4.16, 1
0.417, 16.276, 0.074, 4.156, 1
0.418, 16.276, 0.073, 4.115, 1
0.419, 16.277, 0.072, 4.135, 1
0.42, 16.277, 0.071, 4.131, 1
0.421, 16.278, 0.07, 4.128, 1
0.422, 16.279, 0.07, 4.11, 1
0.423, 16.279, 0.069, 4.15, 1
0.424, 16.28, 0.068, 4.102, 1
0.425, 16.282, 0.067, 4.066, 1
0.426, 16.282, 0.066, 4.058, 1
0.427, 16.283, 0.066, 4.056, 1
0.428, 16.283, 0.065, 4.044, 1
0.429, 16.284, 0.064, 3.961, 1
0.43, 16.285, 0.063, 3.982, 1
0.431, 16.286, 0.062, 3.852, 1
0.432, 16.286, 0.062, 3.871, 1
0.433, 16.286, 0.061, 3.821, 1
0.434, 16.287, 0.06, 3.82, 1
0.435, 16.288, 0.059, 3.753, 1
0.436, 16.288, 0.058, 3.735, 1
0.437, 16.288, 0.058, 3.664, 1
0.438, 16.289, 0.057, 3.661, 1
0.439, 16.289, 0.056, 3.45, 1
0.44, 16.289, 0.055, 3.52, 1
0.441, 16.29, 0.054, 3.324, 1
0.442, 16.29, 0.054, 3.459, 1
0.443, 16.291, 0.053, 3.262, 1
0.444, 16.292, 0.052, 3.29, 1
0.445, 16.292, 0.051, 3.084, 1
0.446, 16.292, 0.05, 3.179, 1
0.447, 16.292, 0.05, 3.201, 1
0.448, 16.293, 0.049, 3.02, 1
0.449, 16.293, 0.048, 2.796, 1
0.45, 16.293, 0.047, 2.85, 1
0.451, 16.293, 0.046, 2.673, 1
0.452, 16.294, 0.046, 2.628, 1
0.453, 16.294, 0.045, 2.603, 1
0.454, 16.295, 0.044, 2.381, 1
0.455, 16.296, 0.043, 2.354, 1
0.456, 16.297, 0.042, 2.476, 1
0.457, 16.297, 0.042, 2.302, 1
0.458, 16.297, 0.041, 2.142, 1
0.459, 16.297, 0.04, 2.229, 1
0.46, 16.297, 0.039, 2.022, 1
0.461, 16.298, 0.038, 1.764, 1
0.462, 16.298, 0.038, 1.941, 1
0.463, 16.298, 0.038, 1.941, 1
0.464, 16.299, 0.036, 1.64, 1
0.465, 16.299, 0.035, 1.668, 1
0.466, 16.3, 0.034, 1.637, 1
0.467, 16.3, 0.034, 1.75, 1
0.468, 16.301, 0.033, 1.464, 1
0.469, 16.301, 0.032, 1.435, 1
0.47, 16.301, 0.031, 1.303, 1
0.471, 16.301, 0.031, 1.303, 1
0.472, 16.301, 0.03, 1.37, 1
0.473, 16.302, 0.029, 1.157, 1
0.474, 16.302, 0.028, 1.097, 1
0.475, 16.303, 0.027, 0.926, 1
0.476, 16.302, 0.026, 0.857, 1
0.477, 16.303, 0.026, 0.764, 1
0.478, 16.302, 0.025, 0.874, 1
0.479, 16.303, 0.024, 0.632, 1
0.48, 16.303, 0.023, 0.649, 1
0.481, 16.303, 0.022, 0.443, 1
0.482, 16.304, 0.022, 0.557, 1
0.483, 16.304, 0.021, 0.474, 1
0.484, 16.305, 0.02, 0.359, 1
0.485, 16.305, 0.019, 0.168, 1
0.486, 16.305, 0.018, 0.179, 1
0.487, 16.305, 0.018, 0.082, 1
0.488, 16.304, 0.017, 0.08, 1
0.489, 16.304, 0.016, -0.024, 1
0.49, 16.304, 0.015, -0.016, 1
0.491, 16.304, 0.014, -0.015, 1
0.492, 16.304, 0.014, -0.013, 1
0.493, 16.305, 0.013, -0.01, 1
0.494, 16.305, 0.012, -0.01, 1
0.495, 16.305, 0.011, -0.016, 1
0.496, 16.304, 0.01, -0.017, 1
0.497, 16.304, 0.01, -0.01, 1
0.498, 16.304, 0.009, -0.006, 1
0.499, 16.304, 0.008, -0.015, 1
0.5, 16.304, 0.007, -0.004, 1
0.501, 16.304, 0.006, -0.013, 1
0.502, 16.304, 0.006, -0.03, 1
0.503, 16.304, 0.006, -0.03, 1
0.504, 16.305, 0.004, -0.024, 1
0.505, 16.304, 0.003, -0.027, 1
0.506, 16.305, 0.002, -0.018, 1
0.507, 16.305, 0.002, -0.015, 1
0.508, 16.304, 0.001, -0.011, 1
