Time, Vsupply, dca, ia, take
0.0, 16.373, 0.0, -0.009, 1
0.002, 16.373, 0.0, -0.013, 1
0.003, 16.373, 0.001, -0.015, 1
0.004, 16.373, 0.002, -0.006, 1
0.005, 16.373, 0.003, -0.007, 1
0.006, 16.373, 0.004, -0.004, 1
0.007, 16.373, 0.004, -0.009, 1
0.008, 16.372, 0.005, 0.006, 1
0.009, 16.373, 0.006, -0.01, 1
0.01, 16.373, 0.007, -0.005, 1
0.011, 16.373, 0.007, -0.005, 1
0.012, 16.373, 0.008, -0.015, 1
0.013, 16.373, 0.009, -0.002, 1
0.014, 16.373, 0.01, -0.006, 1
0.015, 16.373, 0.011, -0.003, 1
0.016, 16.373, 0.012, 0.003, 1
0.017, 16.373, 0.012, 0.002, 1
0.018, 16.373, 0.013, -0.006, 1
0.019, 16.373, 0.014, -0.007, 1
0.02, 16.373, 0.015, -0.014, 1
0.021, 16.372, 0.016, 0.011, 1
0.022, 16.372, 0.016, -0.014, 1
0.023, 16.372, 0.017, -0.012, 1
0.024, 16.372, 0.018, -0.006, 1
0.025, 16.371, 0.019, -0.021, 1
0.026, 16.371, 0.02, 0.008, 1
0.027, 16.37, 0.02, 0.03, 1
0.028, 16.37, 0.021, 0.044, 1
0.029, 16.37, 0.022, 0.095, 1
0.03, 16.37, 0.023, 0.069, 1
0.031, 16.37, 0.024, 0.116, 1
0.032, 16.37, 0.024, 0.096, 1
0.033, 16.37, 0.025, 0.176, 1
0.034, 16.369, 0.026, 0.123, 1
0.035, 16.369, 0.027, 0.144, 1
0.036, 16.369, 0.028, 0.268, 1
0.037, 16.369, 0.028, 0.195, 1
0.038, 16.369, 0.029, 0.293, 1
0.039, 16.369, 0.03, 0.278, 1
0.04, 16.368, 0.031, 0.296, 1
0.041, 16.368, 0.032, 0.307, 1
0.042, 16.368, 0.032, 0.354, 1
0.043, 16.368, 0.033, 0.411, 1
0.044, 16.368, 0.034, 0.514, 1
0.045, 16.367, 0.035, 0.472, 1
0.046, 16.367, 0.036, 0.614, 1
0.047, 16.367, 0.036, 0.46, 1
0.048, 16.367, 0.037, 0.554, 1
0.049, 16.367, 0.038, 0.55, 1
0.05, 16.366, 0.039, 0.673, 1
0.051, 16.366, 0.04, 0.683, 1
0.052, 16.365, 0.04, 0.702, 1
0.053, 16.365, 0.041, 0.728, 1
0.054, 16.364, 0.042, 0.735, 1
0.055, 16.364, 0.043, 0.794, 1
0.056, 16.364, 0.044, 0.909, 1
0.057, 16.363, 0.044, 0.927, 1
0.058, 16.362, 0.045, 0.996, 1
0.059, 16.362, 0.046, 0.956, 1
0.06, 16.362, 0.047, 1.137, 1
0.061, 16.362, 0.048, 1.206, 1
0.062, 16.361, 0.048, 1.162, 1
0.063, 16.361, 0.049, 1.184, 1
0.064, 16.36, 0.05, 1.268, 1
0.065, 16.36, 0.051, 1.393, 1
0.066, 16.359, 0.052, 1.392, 1
0.067, 16.359, 0.052, 1.399, 1
0.068, 16.359, 0.053, 1.374, 1
0.069, 16.358, 0.054, 1.509, 1
0.07, 16.357, 0.055, 1.597, 1
0.071, 16.356, 0.056, 1.663, 1
0.072, 16.356, 0.056, 1.662, 1
0.073, 16.356, 0.057, 1.711, 1
0.074, 16.355, 0.058, 1.795, 1
0.075, 16.355, 0.059, 1.873, 1
0.076, 16.354, 0.06, 1.975, 1
0.077, 16.354, 0.06, 1.859, 1
0.078, 16.354, 0.061, 1.987, 1
0.079, 16.353, 0.062, 2.003, 1
0.08, 16.353, 0.063, 2.155, 1
0.081, 16.352, 0.064, 2.129, 1
0.082, 16.352, 0.064, 2.254, 1
0.083, 16.351, 0.065, 2.231, 1
0.084, 16.35, 0.066, 2.273, 1
0.085, 16.349, 0.067, 2.339, 1
0.086, 16.349, 0.068, 2.45, 1
0.087, 16.349, 0.068, 2.45, 1
0.088, 16.348, 0.068, 2.466, 1
0.089, 16.347, 0.07, 2.595, 1
0.09, 16.346, 0.071, 2.65, 1
0.091, 16.345, 0.072, 2.736, 1
0.092, 16.345, 0.072, 2.694, 1
0.093, 16.345, 0.073, 2.772, 1
0.094, 16.343, 0.074, 2.889, 1
0.095, 16.342, 0.075, 2.922, 1
0.096, 16.341, 0.076, 2.937, 1
0.097, 16.341, 0.076, 2.983, 1
0.098, 16.341, 0.077, 3.075, 1
0.099, 16.34, 0.078, 3.101, 1
0.1, 16.339, 0.079, 3.178, 1
0.101, 16.338, 0.08, 3.252, 1
0.102, 16.338, 0.08, 3.242, 1
0.103, 16.337, 0.081, 3.304, 1
0.104, 16.336, 0.082, 3.359, 1
0.105, 16.335, 0.083, 3.375, 1
0.106, 16.334, 0.084, 3.452, 1
0.107, 16.334, 0.084, 3.413, 1
0.108, 16.333, 0.085, 3.487, 1
0.109, 16.332, 0.086, 3.557, 1
0.11, 16.331, 0.087, 3.612, 1
0.111, 16.331, 0.088, 3.673, 1
0.112, 16.33, 0.088, 3.63, 1
0.113, 16.329, 0.089, 3.743, 1
0.114, 16.327, 0.09, 3.75, 1
0.115, 16.327, 0.091, 3.807, 1
0.116, 16.326, 0.092, 3.848, 1
0.117, 16.326, 0.092, 3.847, 1
0.118, 16.325, 0.093, 3.902, 1
0.119, 16.324, 0.094, 3.966, 1
0.12, 16.322, 0.095, 3.985, 1
0.121, 16.321, 0.096, 4.018, 1
0.122, 16.321, 0.096, 4.041, 1
0.123, 16.32, 0.097, 4.067, 1
0.124, 16.319, 0.098, 4.128, 1
0.125, 16.316, 0.099, 4.175, 1
0.126, 16.315, 0.1, 4.182, 1
0.127, 16.316, 0.1, 4.182, 1
0.128, 16.315, 0.101, 4.225, 1
0.129, 16.313, 0.102, 4.248, 1
0.13, 16.312, 0.103, 4.326, 1
0.131, 16.311, 0.104, 4.34, 1
0.132, 16.31, 0.104, 4.353, 1
0.133, 16.309, 0.105, 4.415, 1
0.134, 16.307, 0.106, 4.43, 1
0.135, 16.306, 0.107, 4.472, 1
0.136, 16.305, 0.108, 4.475, 1
0.137, 16.305, 0.108, 4.48, 1
0.138, 16.304, 0.109, 4.558, 1
0.139, 16.302, 0.11, 4.584, 1
0.14, 16.301, 0.111, 4.597, 1
0.141, 16.3, 0.112, 4.619, 1
0.142, 16.299, 0.112, 4.608, 1
0.143, 16.299, 0.112, 4.608, 1
0.144, 16.296, 0.114, 4.694, 1
0.145, 16.295, 0.115, 4.729, 1
0.146, 16.294, 0.116, 4.771, 1
0.147, 16.293, 0.116, 4.708, 1
0.148, 16.292, 0.117, 4.764, 1
0.149, 16.291, 0.118, 4.822, 1
0.15, 16.289, 0.119, 4.838, 1
0.151, 16.287, 0.12, 4.873, 1
0.152, 16.286, 0.12, 4.865, 1
0.153, 16.285, 0.121, 4.849, 1
0.154, 16.284, 0.122, 4.905, 1
0.155, 16.282, 0.123, 4.963, 1
0.156, 16.28, 0.124, 5.0, 1
0.157, 16.28, 0.124, 4.967, 1
0.158, 16.278, 0.125, 5.024, 1
0.159, 16.276, 0.126, 5.032, 1
0.16, 16.274, 0.127, 5.076, 1
0.161, 16.273, 0.128, 5.071, 1
0.162, 16.273, 0.128, 5.095, 1
0.163, 16.271, 0.129, 5.119, 1
0.164, 16.27, 0.13, 5.141, 1
0.165, 16.269, 0.131, 5.154, 1
0.166, 16.268, 0.132, 5.2, 1
0.167, 16.267, 0.132, 5.203, 1
0.168, 16.265, 0.133, 5.211, 1
0.169, 16.263, 0.134, 5.284, 1
0.17, 16.261, 0.135, 5.28, 1
0.171, 16.259, 0.136, 5.292, 1
0.172, 16.259, 0.136, 5.292, 1
0.173, 16.258, 0.137, 5.299, 1
0.174, 16.255, 0.138, 5.365, 1
0.175, 16.253, 0.139, 5.395, 1
0.176, 16.252, 0.14, 5.435, 1
0.177, 16.251, 0.14, 5.414, 1
0.178, 16.25, 0.141, 5.419, 1
0.179, 16.248, 0.142, 5.475, 1
0.18, 16.246, 0.143, 5.497, 1
0.181, 16.245, 0.144, 5.522, 1
0.182, 16.244, 0.144, 5.537, 1
0.183, 16.243, 0.145, 5.538, 1
0.184, 16.24, 0.146, 5.607, 1
0.185, 16.239, 0.147, 5.597, 1
0.186, 16.237, 0.148, 5.649, 1
0.187, 16.237, 0.148, 5.652, 1
0.188, 16.235, 0.149, 5.677, 1
0.189, 16.233, 0.15, 5.692, 1
0.19, 16.231, 0.151, 5.746, 1
0.191, 16.23, 0.152, 5.763, 1
0.192, 16.229, 0.152, 5.756, 1
0.193, 16.227, 0.153, 5.819, 1
0.194, 16.225, 0.154, 5.832, 1
0.195, 16.223, 0.155, 5.877, 1
0.196, 16.221, 0.156, 5.896, 1
0.197, 16.221, 0.156, 5.896, 1
0.198, 16.219, 0.157, 5.909, 1
0.199, 16.216, 0.158, 5.971, 1
0.2, 16.214, 0.159, 6.004, 1
0.201, 16.212, 0.16, 6.019, 1
0.202, 16.211, 0.16, 6.019, 1
0.203, 16.21, 0.161, 6.033, 1
0.204, 16.208, 0.162, 6.103, 1
0.205, 16.206, 0.163, 6.124, 1
0.206, 16.204, 0.164, 6.165, 1
0.207, 16.203, 0.164, 6.182, 1
0.208, 16.202, 0.165, 6.189, 1
0.209, 16.201, 0.166, 6.219, 1
0.21, 16.197, 0.167, 6.263, 1
0.211, 16.195, 0.168, 6.283, 1
0.212, 16.194, 0.168, 6.298, 1
0.213, 16.192, 0.169, 6.356, 1
0.214, 16.189, 0.17, 6.367, 1
0.215, 16.187, 0.171, 6.413, 1
0.216, 16.185, 0.172, 6.426, 1
0.217, 16.185, 0.172, 6.435, 1
0.218, 16.185, 0.172, 6.435, 1
0.219, 16.181, 0.173, 6.505, 1
0.22, 16.179, 0.175, 6.566, 1
0.221, 16.176, 0.176, 6.608, 1
0.222, 16.175, 0.176, 6.585, 1
0.223, 16.175, 0.177, 6.613, 1
0.224, 16.172, 0.178, 6.688, 1
0.225, 16.169, 0.179, 6.715, 1
0.226, 16.167, 0.18, 6.737, 1
0.227, 16.167, 0.18, 6.757, 1
0.228, 16.167, 0.18, 6.757, 1
0.229, 16.165, 0.181, 6.775, 1
0.23, 16.161, 0.183, 6.857, 1
0.231, 16.157, 0.184, 6.904, 1
0.232, 16.156, 0.184, 6.912, 1
0.233, 16.155, 0.185, 6.928, 1
0.234, 16.152, 0.186, 6.962, 1
0.235, 16.149, 0.187, 7.016, 1
0.236, 16.147, 0.188, 7.051, 1
0.237, 16.146, 0.188, 7.056, 1
0.238, 16.144, 0.189, 7.111, 1
0.239, 16.141, 0.19, 7.149, 1
0.24, 16.139, 0.191, 7.19, 1
0.241, 16.136, 0.192, 7.208, 1
0.242, 16.136, 0.192, 7.237, 1
0.243, 16.133, 0.193, 7.286, 1
0.244, 16.133, 0.193, 7.286, 1
0.245, 16.129, 0.194, 7.314, 1
0.246, 16.126, 0.196, 7.416, 1
0.247, 16.125, 0.196, 7.372, 1
0.248, 16.124, 0.197, 7.422, 1
0.249, 16.121, 0.198, 7.487, 1
0.25, 16.117, 0.199, 7.536, 1
0.251, 16.114, 0.2, 7.566, 1
0.252, 16.115, 0.2, 7.548, 1
0.253, 16.113, 0.201, 7.588, 1
0.254, 16.113, 0.201, 7.588, 1
0.255, 16.108, 0.203, 7.707, 1
0.256, 16.108, 0.203, 7.707, 1
0.257, 16.104, 0.204, 7.752, 1
0.258, 16.104, 0.205, 7.738, 1
0.259, 16.102, 0.206, 7.789, 1
0.26, 16.098, 0.207, 7.869, 1
0.261, 16.095, 0.208, 7.905, 1
0.262, 16.095, 0.208, 7.881, 1
0.263, 16.091, 0.209, 7.949, 1
0.264, 16.089, 0.21, 7.988, 1
0.265, 16.087, 0.211, 8.024, 1
0.266, 16.086, 0.212, 8.061, 1
0.267, 16.085, 0.212, 8.053, 1
0.268, 16.083, 0.213, 8.13, 1
0.269, 16.084, 0.212, 8.083, 1
0.27, 16.087, 0.211, 8.033, 1
0.271, 16.09, 0.21, 7.991, 1
0.272, 16.092, 0.21, 8.004, 1
0.273, 16.092, 0.21, 8.004, 1
0.274, 16.095, 0.209, 7.973, 1
0.275, 16.099, 0.207, 7.868, 1
0.276, 16.105, 0.206, 7.825, 1
0.277, 16.106, 0.206, 7.79, 1
0.278, 16.108, 0.205, 7.783, 1
0.279, 16.111, 0.204, 7.732, 1
0.28, 16.113, 0.203, 7.693, 1
0.281, 16.115, 0.202, 7.667, 1
0.282, 16.116, 0.202, 7.651, 1
0.283, 16.119, 0.201, 7.59, 1
0.284, 16.122, 0.2, 7.567, 1
0.285, 16.124, 0.199, 7.52, 1
0.286, 16.125, 0.198, 7.477, 1
0.287, 16.126, 0.198, 7.498, 1
0.288, 16.128, 0.197, 7.426, 1
0.289, 16.132, 0.196, 7.375, 1
0.29, 16.135, 0.195, 7.354, 1
0.291, 16.137, 0.194, 7.322, 1
0.292, 16.137, 0.194, 7.332, 1
0.293, 16.138, 0.193, 7.28, 1
0.294, 16.143, 0.192, 7.229, 1
0.295, 16.146, 0.191, 7.208, 1
0.296, 16.147, 0.19, 7.138, 1
0.297, 16.148, 0.19, 7.158, 1
0.298, 16.15, 0.189, 7.111, 1
0.299, 16.154, 0.188, 7.053, 1
0.3, 16.157, 0.187, 7.025, 1
0.301, 16.16, 0.186, 6.969, 1
0.302, 16.161, 0.186, 6.958, 1
0.303, 16.163, 0.185, 6.933, 1
0.304, 16.165, 0.184, 6.894, 1
0.305, 16.167, 0.183, 6.871, 1
0.306, 16.169, 0.182, 6.855, 1
0.307, 16.169, 0.182, 6.827, 1
0.308, 16.172, 0.181, 6.767, 1
0.309, 16.174, 0.18, 6.735, 1
0.31, 16.176, 0.179, 6.705, 1
0.311, 16.178, 0.178, 6.667, 1
0.312, 16.179, 0.178, 6.68, 1
0.313, 16.18, 0.177, 6.614, 1
0.314, 16.184, 0.176, 6.582, 1
0.315, 16.186, 0.175, 6.554, 1
0.316, 16.186, 0.174, 6.535, 1
0.317, 16.188, 0.174, 6.524, 1
0.318, 16.189, 0.173, 6.501, 1
0.319, 16.192, 0.172, 6.438, 1
0.32, 16.195, 0.171, 6.395, 1
0.321, 16.197, 0.17, 6.387, 1
0.322, 16.198, 0.17, 6.378, 1
0.323, 16.199, 0.169, 6.336, 1
0.324, 16.202, 0.168, 6.278, 1
0.325, 16.205, 0.167, 6.263, 1
0.326, 16.207, 0.166, 6.191, 1
0.327, 16.208, 0.166, 6.191, 1
0.328, 16.209, 0.165, 6.176, 1
0.329, 16.211, 0.164, 6.154, 1
0.33, 16.213, 0.163, 6.126, 1
0.331, 16.214, 0.162, 6.096, 1
0.332, 16.215, 0.162, 6.094, 1
0.333, 16.217, 0.161, 6.028, 1
0.334, 16.22, 0.16, 6.012, 1
0.335, 16.222, 0.159, 5.989, 1
0.336, 16.222, 0.158, 5.95, 1
0.337, 16.222, 0.158, 5.95, 1
0.338, 16.226, 0.157, 5.908, 1
0.339, 16.228, 0.156, 5.868, 1
0.34, 16.229, 0.155, 5.862, 1
0.341, 16.23, 0.154, 5.824, 1
0.342, 16.231, 0.154, 5.829, 1
0.343, 16.233, 0.153, 5.795, 1
0.344, 16.235, 0.152, 5.751, 1
0.345, 16.237, 0.151, 5.71, 1
0.346, 16.238, 0.15, 5.697, 1
0.347, 16.239, 0.15, 5.709, 1
0.348, 16.24, 0.149, 5.687, 1
0.349, 16.242, 0.148, 5.625, 1
0.35, 16.245, 0.147, 5.616, 1
0.351, 16.246, 0.146, 5.613, 1
0.352, 16.247, 0.146, 5.576, 1
0.353, 16.249, 0.145, 5.506, 1
0.354, 16.249, 0.145, 5.506, 1
0.355, 16.251, 0.144, 5.548, 1
0.356, 16.253, 0.142, 5.478, 1
0.357, 16.254, 0.142, 5.483, 1
0.358, 16.256, 0.141, 5.438, 1
0.359, 16.258, 0.14, 5.413, 1
0.36, 16.26, 0.139, 5.362, 1
0.361, 16.261, 0.138, 5.358, 1
0.362, 16.262, 0.138, 5.349, 1
0.363, 16.264, 0.137, 5.3, 1
0.364, 16.266, 0.136, 5.29, 1
0.365, 16.267, 0.135, 5.269, 1
0.366, 16.268, 0.134, 5.26, 1
0.367, 16.269, 0.134, 5.241, 1
0.368, 16.27, 0.133, 5.223, 1
0.369, 16.271, 0.132, 5.193, 1
0.37, 16.273, 0.131, 5.149, 1
0.371, 16.274, 0.13, 5.156, 1
0.372, 16.274, 0.13, 5.156, 1
0.373, 16.275, 0.129, 5.08, 1
0.374, 16.277, 0.128, 5.084, 1
0.375, 16.279, 0.127, 5.043, 1
0.376, 16.279, 0.126, 5.028, 1
0.377, 16.28, 0.126, 5.034, 1
0.378, 16.281, 0.125, 5.042, 1
0.379, 16.284, 0.124, 4.958, 1
0.38, 16.285, 0.123, 4.927, 1
0.381, 16.285, 0.123, 4.927, 1
0.382, 16.289, 0.122, 4.922, 1
0.383, 16.29, 0.121, 4.879, 1
0.384, 16.291, 0.12, 4.844, 1
0.385, 16.292, 0.119, 4.834, 1
0.386, 16.293, 0.118, 4.79, 1
0.387, 16.293, 0.118, 4.811, 1
0.388, 16.294, 0.117, 4.763, 1
0.389, 16.296, 0.116, 4.694, 1
0.39, 16.297, 0.115, 4.694, 1
0.391, 16.298, 0.114, 4.68, 1
0.392, 16.299, 0.114, 4.683, 1
0.393, 16.3, 0.113, 4.655, 1
0.394, 16.301, 0.112, 4.597, 1
0.395, 16.303, 0.111, 4.582, 1
0.396, 16.305, 0.11, 4.56, 1
0.397, 16.305, 0.11, 4.543, 1
0.398, 16.305, 0.109, 4.534, 1
0.399, 16.307, 0.108, 4.496, 1
0.4, 16.309, 0.107, 4.448, 1
0.401, 16.31, 0.106, 4.419, 1
0.402, 16.311, 0.106, 4.426, 1
0.403, 16.311, 0.105, 4.404, 1
0.404, 16.312, 0.104, 4.343, 1
0.405, 16.312, 0.104, 4.343, 1
0.406, 16.315, 0.103, 4.287, 1
0.407, 16.316, 0.102, 4.247, 1
0.408, 16.316, 0.102, 4.247, 1
0.409, 16.318, 0.101, 4.203, 1
0.41, 16.319, 0.099, 4.133, 1
0.411, 16.319, 0.098, 4.118, 1
0.412, 16.319, 0.098, 4.114, 1
0.413, 16.321, 0.097, 4.052, 1
0.414, 16.322, 0.096, 4.01, 1
0.415, 16.323, 0.095, 3.976, 1
0.416, 16.324, 0.094, 3.937, 1
0.417, 16.325, 0.094, 3.946, 1
0.418, 16.326, 0.093, 3.872, 1
0.419, 16.328, 0.092, 3.835, 1
0.42, 16.328, 0.091, 3.802, 1
0.421, 16.329, 0.09, 3.752, 1
0.422, 16.329, 0.09, 3.754, 1
0.423, 16.329, 0.089, 3.752, 1
0.424, 16.33, 0.088, 3.62, 1
0.425, 16.331, 0.087, 3.591, 1
0.426, 16.332, 0.086, 3.567, 1
0.427, 16.333, 0.086, 3.576, 1
0.428, 16.333, 0.086, 3.576, 1
0.429, 16.333, 0.085, 3.542, 1
0.43, 16.335, 0.083, 3.405, 1
0.431, 16.337, 0.082, 3.334, 1
0.432, 16.338, 0.082, 3.291, 1
0.433, 16.338, 0.081, 3.223, 1
0.434, 16.339, 0.08, 3.22, 1
0.435, 16.34, 0.079, 3.161, 1
0.436, 16.34, 0.078, 3.089, 1
0.437, 16.341, 0.078, 3.067, 1
0.438, 16.342, 0.077, 3.0, 1
0.439, 16.343, 0.076, 2.962, 1
0.44, 16.343, 0.075, 2.863, 1
0.441, 16.344, 0.074, 2.886, 1
0.442, 16.345, 0.074, 2.854, 1
0.443, 16.345, 0.073, 2.754, 1
0.444, 16.346, 0.072, 2.702, 1
0.445, 16.346, 0.071, 2.731, 1
0.446, 16.347, 0.07, 2.625, 1
0.447, 16.347, 0.07, 2.601, 1
0.448, 16.347, 0.069, 2.542, 1
0.449, 16.348, 0.068, 2.483, 1
0.45, 16.349, 0.067, 2.421, 1
0.451, 16.351, 0.066, 2.357, 1
0.452, 16.35, 0.066, 2.356, 1
0.453, 16.35, 0.065, 2.292, 1
0.454, 16.352, 0.064, 2.17, 1
0.455, 16.353, 0.063, 2.066, 1
0.456, 16.354, 0.062, 1.985, 1
0.457, 16.354, 0.062, 2.011, 1
0.458, 16.354, 0.061, 2.013, 1
0.459, 16.355, 0.06, 1.936, 1
0.46, 16.356, 0.059, 1.874, 1
0.461, 16.356, 0.058, 1.802, 1
0.462, 16.356, 0.058, 1.86, 1
0.463, 16.357, 0.057, 1.677, 1
0.464, 16.358, 0.056, 1.666, 1
0.465, 16.358, 0.055, 1.643, 1
0.466, 16.358, 0.054, 1.595, 1
0.467, 16.358, 0.054, 1.617, 1
0.468, 16.359, 0.053, 1.478, 1
0.469, 16.36, 0.052, 1.429, 1
0.47, 16.361, 0.051, 1.344, 1
0.471, 16.362, 0.05, 1.383, 1
0.472, 16.361, 0.05, 1.28, 1
0.473, 16.361, 0.05, 1.28, 1
0.474, 16.362, 0.048, 1.14, 1
0.475, 16.363, 0.047, 1.083, 1
0.476, 16.363, 0.046, 1.077, 1
0.477, 16.364, 0.046, 1.019, 1
0.478, 16.364, 0.045, 0.996, 1
0.479, 16.365, 0.044, 0.879, 1
0.48, 16.364, 0.043, 0.791, 1
0.481, 16.365, 0.042, 0.81, 1
0.482, 16.365, 0.042, 0.756, 1
0.483, 16.365, 0.041, 0.759, 1
0.484, 16.365, 0.04, 0.652, 1
0.485, 16.366, 0.039, 0.63, 1
0.486, 16.367, 0.038, 0.623, 1
0.487, 16.367, 0.038, 0.596, 1
0.488, 16.367, 0.037, 0.484, 1
0.489, 16.368, 0.036, 0.486, 1
0.49, 16.368, 0.036, 0.486, 1
0.491, 16.369, 0.034, 0.49, 1
0.492, 16.369, 0.034, 0.373, 1
0.493, 16.369, 0.033, 0.424, 1
0.494, 16.369, 0.032, 0.323, 1
0.495, 16.37, 0.031, 0.309, 1
0.496, 16.37, 0.03, 0.303, 1
0.497, 16.37, 0.03, 0.321, 1
0.498, 16.371, 0.029, 0.288, 1
0.499, 16.371, 0.028, 0.209, 1
0.5, 16.371, 0.027, 0.238, 1
0.501, 16.371, 0.026, 0.154, 1
0.502, 16.371, 0.026, 0.202, 1
0.503, 16.371, 0.025, 0.172, 1
0.504, 16.371, 0.024, 0.102, 1
0.505, 16.371, 0.023, 0.093, 1
0.506, 16.372, 0.022, 0.059, 1
0.507, 16.372, 0.022, 0.117, 1
0.508, 16.372, 0.021, 0.058, 1
0.509, 16.372, 0.02, 0.022, 1
0.51, 16.372, 0.019, 0.016, 1
0.511, 16.373, 0.018, 0.056, 1
0.512, 16.373, 0.018, 0.025, 1
0.513, 16.374, 0.017, -0.01, 1
0.514, 16.374, 0.016, -0.017, 1
0.515, 16.374, 0.015, -0.022, 1
0.516, 16.374, 0.014, -0.015, 1
0.517, 16.374, 0.014, -0.015, 1
0.518, 16.374, 0.013, -0.015, 1
0.519, 16.374, 0.012, -0.012, 1
0.52, 16.373, 0.011, -0.005, 1
0.521, 16.373, 0.01, -0.014, 1
0.522, 16.374, 0.01, -0.013, 1
0.523, 16.374, 0.009, -0.0, 1
0.524, 16.374, 0.009, -0.0, 1
0.525, 16.374, 0.007, -0.028, 1
0.526, 16.374, 0.006, -0.01, 1
0.527, 16.374, 0.006, -0.018, 1
0.528, 16.374, 0.005, -0.015, 1
0.529, 16.374, 0.004, -0.01, 1
0.53, 16.374, 0.003, -0.012, 1
0.531, 16.374, 0.002, -0.015, 1
0.532, 16.374, 0.002, -0.006, 1
0.533, 16.374, 0.001, -0.015, 1
