Time, Vsupply, dca, ia, take
0.0, 13.06, 0.0, 0.004, 1
0.002, 13.061, 0.0, -0.006, 1
0.003, 13.061, 0.001, -0.001, 1
0.004, 13.061, 0.002, 0.0, 1
0.005, 13.061, 0.003, 0.004, 1
0.006, 13.061, 0.004, -0.011, 1
0.007, 13.061, 0.004, -0.015, 1
0.008, 13.061, 0.005, -0.016, 1
0.009, 13.061, 0.006, -0.006, 1
0.01, 13.062, 0.007, -0.003, 1
0.011, 13.062, 0.008, -0.02, 1
0.012, 13.062, 0.008, -0.01, 1
0.013, 13.062, 0.009, -0.003, 1
0.014, 13.062, 0.01, -0.001, 1
0.015, 13.063, 0.011, 0.004, 1
0.016, 13.063, 0.012, -0.012, 1
0.017, 13.063, 0.012, -0.01, 1
0.018, 13.062, 0.013, -0.013, 1
0.019, 13.062, 0.014, -0.008, 1
0.02, 13.063, 0.015, -0.002, 1
0.021, 13.063, 0.016, 0.339, 1
0.022, 13.063, 0.016, -0.0, 1
0.023, 13.063, 0.017, 0.368, 1
0.024, 13.062, 0.018, 0.361, 1
0.025, 13.062, 0.019, 1.14, 1
0.026, 13.062, 0.02, 1.257, 1
0.027, 13.062, 0.02, 1.192, 1
0.028, 13.062, 0.021, 1.278, 1
0.029, 13.062, 0.022, 1.453, 1
0.03, 13.063, 0.023, 1.831, 1
0.031, 13.063, 0.024, 1.979, 1
0.032, 13.063, 0.024, 1.877, 1
0.033, 13.063, 0.025, 1.862, 1
0.034, 13.063, 0.026, 2.007, 1
0.035, 13.063, 0.027, 1.906, 1
0.036, 13.062, 0.028, 2.107, 1
0.037, 13.063, 0.028, 2.172, 1
0.038, 13.063, 0.029, 1.947, 1
0.039, 13.063, 0.03, 1.7, 1
0.04, 13.063, 0.031, 1.714, 1
0.041, 13.063, 0.032, 1.827, 1
0.042, 13.063, 0.032, 1.784, 1
0.043, 13.063, 0.033, 1.494, 1
0.044, 13.063, 0.034, 1.465, 1
0.045, 13.064, 0.035, 1.506, 1
0.046, 13.064, 0.036, 1.498, 1
0.047, 13.064, 0.036, 1.356, 1
0.048, 13.064, 0.037, 1.271, 1
0.049, 13.064, 0.038, 1.255, 1
0.05, 13.063, 0.039, 1.172, 1
0.051, 13.063, 0.04, 1.193, 1
0.052, 13.063, 0.04, 1.248, 1
0.053, 13.062, 0.041, 1.219, 1
0.054, 13.062, 0.042, 1.255, 1
0.055, 13.062, 0.043, 1.313, 1
0.056, 13.062, 0.044, 1.365, 1
0.057, 13.061, 0.044, 1.345, 1
0.058, 13.061, 0.045, 1.426, 1
0.059, 13.061, 0.046, 1.465, 1
0.06, 13.06, 0.047, 1.504, 1
0.061, 13.06, 0.048, 1.509, 1
0.062, 13.06, 0.048, 1.499, 1
0.063, 13.059, 0.049, 1.598, 1
0.064, 13.058, 0.05, 1.622, 1
0.065, 13.058, 0.051, 1.671, 1
0.066, 13.058, 0.051, 1.671, 1
0.067, 13.056, 0.052, 1.694, 1
0.068, 13.056, 0.053, 1.741, 1
0.069, 13.055, 0.054, 1.808, 1
0.07, 13.055, 0.055, 1.835, 1
0.071, 13.054, 0.056, 1.857, 1
0.072, 13.053, 0.056, 1.876, 1
0.073, 13.053, 0.057, 1.911, 1
0.074, 13.052, 0.058, 1.966, 1
0.075, 13.052, 0.059, 2.001, 1
0.076, 13.051, 0.06, 2.035, 1
0.077, 13.051, 0.06, 2.028, 1
0.078, 13.051, 0.061, 2.062, 1
0.079, 13.05, 0.062, 2.101, 1
0.08, 13.048, 0.063, 2.168, 1
0.081, 13.047, 0.064, 2.179, 1
0.082, 13.047, 0.064, 2.195, 1
0.083, 13.046, 0.065, 2.248, 1
0.084, 13.046, 0.065, 2.248, 1
0.085, 13.044, 0.067, 2.302, 1
0.086, 13.044, 0.068, 2.331, 1
0.087, 13.043, 0.068, 2.352, 1
0.088, 13.042, 0.069, 2.375, 1
0.089, 13.042, 0.07, 2.429, 1
0.09, 13.04, 0.071, 2.446, 1
0.091, 13.04, 0.072, 2.481, 1
0.092, 13.039, 0.072, 2.485, 1
0.093, 13.039, 0.073, 2.5, 1
0.094, 13.037, 0.074, 2.561, 1
0.095, 13.037, 0.075, 2.594, 1
0.096, 13.035, 0.076, 2.618, 1
0.097, 13.035, 0.076, 2.612, 1
0.098, 13.034, 0.077, 2.627, 1
0.099, 13.033, 0.078, 2.688, 1
0.1, 13.032, 0.079, 2.715, 1
0.101, 13.031, 0.08, 2.73, 1
0.102, 13.03, 0.08, 2.736, 1
0.103, 13.03, 0.081, 2.776, 1
0.104, 13.029, 0.082, 2.804, 1
0.105, 13.027, 0.083, 2.844, 1
0.106, 13.026, 0.084, 2.859, 1
0.107, 13.025, 0.084, 2.84, 1
0.108, 13.024, 0.085, 2.879, 1
0.109, 13.024, 0.086, 2.93, 1
0.11, 13.023, 0.087, 2.965, 1
0.111, 13.022, 0.088, 2.974, 1
0.112, 13.022, 0.088, 3.0, 1
0.113, 13.021, 0.089, 3.042, 1
0.114, 13.02, 0.09, 3.071, 1
0.115, 13.019, 0.091, 3.1, 1
0.116, 13.018, 0.092, 3.083, 1
0.117, 13.018, 0.092, 3.064, 1
0.118, 13.018, 0.093, 3.095, 1
0.119, 13.017, 0.094, 3.145, 1
0.12, 13.017, 0.094, 3.145, 1
0.121, 13.015, 0.095, 3.15, 1
0.122, 13.015, 0.096, 3.167, 1
0.123, 13.014, 0.097, 3.225, 1
0.124, 13.012, 0.098, 3.243, 1
0.125, 13.011, 0.099, 3.242, 1
0.126, 13.009, 0.1, 3.275, 1
0.127, 13.009, 0.1, 3.309, 1
0.128, 13.009, 0.101, 3.294, 1
0.129, 13.008, 0.102, 3.319, 1
0.13, 13.008, 0.102, 3.319, 1
0.131, 13.005, 0.103, 3.379, 1
0.132, 13.004, 0.104, 3.379, 1
0.133, 13.003, 0.105, 3.399, 1
0.134, 13.001, 0.106, 3.448, 1
0.135, 13.0, 0.107, 3.459, 1
0.136, 12.999, 0.108, 3.485, 1
0.137, 12.999, 0.108, 3.471, 1
0.138, 12.998, 0.109, 3.52, 1
0.139, 12.996, 0.11, 3.545, 1
0.14, 12.994, 0.111, 3.582, 1
0.141, 12.993, 0.112, 3.561, 1
0.142, 12.993, 0.112, 3.555, 1
0.143, 12.991, 0.113, 3.596, 1
0.144, 12.99, 0.114, 3.611, 1
0.145, 12.989, 0.115, 3.67, 1
0.146, 12.987, 0.116, 3.697, 1
0.147, 12.987, 0.116, 3.667, 1
0.148, 12.986, 0.117, 3.692, 1
0.149, 12.984, 0.118, 3.719, 1
0.15, 12.982, 0.119, 3.765, 1
0.151, 12.982, 0.12, 3.775, 1
0.152, 12.981, 0.12, 3.812, 1
0.153, 12.98, 0.121, 3.817, 1
0.154, 12.979, 0.122, 3.827, 1
0.155, 12.977, 0.123, 3.857, 1
0.156, 12.975, 0.124, 3.91, 1
0.157, 12.974, 0.124, 3.913, 1
0.158, 12.973, 0.125, 3.935, 1
0.159, 12.971, 0.126, 3.94, 1
0.16, 12.969, 0.127, 3.975, 1
0.161, 12.969, 0.128, 3.978, 1
0.162, 12.967, 0.128, 4.019, 1
0.163, 12.966, 0.129, 4.055, 1
0.164, 12.964, 0.13, 4.065, 1
0.165, 12.962, 0.131, 4.065, 1
0.166, 12.961, 0.132, 4.107, 1
0.167, 12.96, 0.132, 4.106, 1
0.168, 12.959, 0.133, 4.138, 1
0.169, 12.957, 0.134, 4.185, 1
0.17, 12.957, 0.134, 4.185, 1
0.171, 12.955, 0.135, 4.193, 1
0.172, 12.953, 0.136, 4.231, 1
0.173, 12.953, 0.136, 4.231, 1
0.174, 12.952, 0.137, 4.24, 1
0.175, 12.95, 0.139, 4.299, 1
0.176, 12.947, 0.14, 4.344, 1
0.177, 12.946, 0.14, 4.336, 1
0.178, 12.946, 0.141, 4.373, 1
0.179, 12.944, 0.142, 4.405, 1
0.18, 12.941, 0.143, 4.444, 1
0.181, 12.94, 0.144, 4.462, 1
0.182, 12.94, 0.144, 4.468, 1
0.183, 12.939, 0.145, 4.491, 1
0.184, 12.937, 0.146, 4.526, 1
0.185, 12.936, 0.147, 4.572, 1
0.186, 12.934, 0.148, 4.594, 1
0.187, 12.933, 0.148, 4.584, 1
0.188, 12.931, 0.149, 4.64, 1
0.189, 12.931, 0.149, 4.64, 1
0.19, 12.927, 0.151, 4.714, 1
0.191, 12.926, 0.152, 4.737, 1
0.192, 12.925, 0.152, 4.729, 1
0.193, 12.923, 0.153, 4.79, 1
0.194, 12.921, 0.154, 4.798, 1
0.195, 12.92, 0.155, 4.823, 1
0.196, 12.918, 0.156, 4.872, 1
0.197, 12.917, 0.156, 4.863, 1
0.198, 12.916, 0.157, 4.875, 1
0.199, 12.914, 0.158, 4.952, 1
0.2, 12.912, 0.159, 4.988, 1
0.201, 12.91, 0.16, 5.001, 1
0.202, 12.909, 0.16, 5.0, 1
0.203, 12.909, 0.161, 5.005, 1
0.204, 12.906, 0.162, 5.067, 1
0.205, 12.904, 0.163, 5.1, 1
0.206, 12.902, 0.164, 5.14, 1
0.207, 12.901, 0.164, 5.14, 1
0.208, 12.901, 0.165, 5.151, 1
0.209, 12.901, 0.166, 5.178, 1
0.21, 12.897, 0.167, 5.24, 1
0.211, 12.896, 0.168, 5.265, 1
0.212, 12.896, 0.168, 5.278, 1
0.213, 12.894, 0.169, 5.312, 1
0.214, 12.893, 0.17, 5.355, 1
0.215, 12.891, 0.171, 5.376, 1
0.216, 12.889, 0.172, 5.404, 1
0.217, 12.888, 0.172, 5.398, 1
0.218, 12.887, 0.173, 5.476, 1
0.219, 12.884, 0.174, 5.485, 1
0.22, 12.883, 0.175, 5.527, 1
0.221, 12.881, 0.176, 5.568, 1
0.222, 12.881, 0.176, 5.539, 1
0.223, 12.88, 0.177, 5.601, 1
0.224, 12.878, 0.178, 5.647, 1
0.225, 12.876, 0.179, 5.646, 1
0.226, 12.875, 0.18, 5.691, 1
0.227, 12.875, 0.18, 5.702, 1
0.228, 12.875, 0.181, 5.716, 1
0.229, 12.873, 0.182, 5.78, 1
0.23, 12.87, 0.183, 5.826, 1
0.231, 12.869, 0.184, 5.847, 1
0.232, 12.868, 0.184, 5.843, 1
0.233, 12.867, 0.185, 5.875, 1
0.234, 12.865, 0.186, 5.904, 1
0.235, 12.865, 0.186, 5.904, 1
0.236, 12.862, 0.188, 5.987, 1
0.237, 12.862, 0.188, 5.991, 1
0.238, 12.859, 0.189, 6.046, 1
0.239, 12.857, 0.19, 6.077, 1
0.24, 12.856, 0.191, 6.112, 1
0.241, 12.855, 0.192, 6.137, 1
0.242, 12.855, 0.192, 6.118, 1
0.243, 12.853, 0.193, 6.191, 1
0.244, 12.852, 0.194, 6.232, 1
0.245, 12.851, 0.195, 6.248, 1
0.246, 12.849, 0.196, 6.275, 1
0.247, 12.849, 0.196, 6.261, 1
0.248, 12.849, 0.197, 6.312, 1
0.249, 12.846, 0.198, 6.374, 1
0.25, 12.844, 0.199, 6.394, 1
0.251, 12.843, 0.2, 6.426, 1
0.252, 12.843, 0.2, 6.418, 1
0.253, 12.843, 0.201, 6.458, 1
0.254, 12.84, 0.202, 6.475, 1
0.255, 12.839, 0.203, 6.504, 1
0.256, 12.837, 0.204, 6.549, 1
0.257, 12.837, 0.204, 6.549, 1
0.258, 12.837, 0.205, 6.588, 1
0.259, 12.836, 0.206, 6.618, 1
0.26, 12.833, 0.207, 6.667, 1
0.261, 12.832, 0.208, 6.703, 1
0.262, 12.831, 0.208, 6.707, 1
0.263, 12.829, 0.209, 6.749, 1
0.264, 12.827, 0.21, 6.765, 1
0.265, 12.826, 0.211, 6.777, 1
0.266, 12.825, 0.212, 6.826, 1
0.267, 12.825, 0.212, 6.818, 1
0.268, 12.823, 0.213, 6.896, 1
0.269, 12.821, 0.214, 6.926, 1
0.27, 12.819, 0.215, 6.942, 1
0.271, 12.819, 0.216, 6.976, 1
0.272, 12.819, 0.216, 6.983, 1
0.273, 12.819, 0.217, 7.006, 1
0.274, 12.817, 0.218, 7.037, 1
0.275, 12.815, 0.219, 7.08, 1
0.276, 12.814, 0.22, 7.12, 1
0.277, 12.814, 0.22, 7.12, 1
0.278, 12.813, 0.221, 7.149, 1
0.279, 12.812, 0.222, 7.181, 1
0.28, 12.81, 0.223, 7.227, 1
0.281, 12.809, 0.224, 7.258, 1
0.282, 12.809, 0.224, 7.258, 1
0.283, 12.81, 0.224, 7.255, 1
0.284, 12.808, 0.226, 7.297, 1
0.285, 12.805, 0.227, 7.351, 1
0.286, 12.803, 0.228, 7.386, 1
0.287, 12.804, 0.228, 7.381, 1
0.288, 12.803, 0.229, 7.417, 1
0.289, 12.801, 0.23, 7.464, 1
0.29, 12.799, 0.231, 7.468, 1
0.291, 12.798, 0.232, 7.528, 1
0.292, 12.799, 0.232, 7.505, 1
0.293, 12.797, 0.233, 7.559, 1
0.294, 12.796, 0.234, 7.605, 1
0.295, 12.795, 0.235, 7.617, 1
0.296, 12.793, 0.236, 7.64, 1
0.297, 12.794, 0.236, 7.651, 1
0.298, 12.793, 0.237, 7.7, 1
0.299, 12.792, 0.238, 7.736, 1
0.3, 12.791, 0.239, 7.751, 1
0.301, 12.79, 0.24, 7.79, 1
0.302, 12.791, 0.24, 7.764, 1
0.303, 12.791, 0.24, 7.764, 1
0.304, 12.789, 0.241, 7.798, 1
0.305, 12.787, 0.243, 7.896, 1
0.306, 12.784, 0.244, 7.921, 1
0.307, 12.784, 0.244, 7.921, 1
0.308, 12.784, 0.245, 7.945, 1
0.309, 12.784, 0.245, 7.945, 1
0.31, 12.781, 0.247, 8.016, 1
0.311, 12.78, 0.248, 8.051, 1
0.312, 12.78, 0.248, 8.058, 1
0.313, 12.779, 0.249, 8.072, 1
0.314, 12.781, 0.248, 8.042, 1
0.315, 12.783, 0.247, 8.012, 1
0.316, 12.786, 0.246, 7.997, 1
0.317, 12.788, 0.246, 8.002, 1
0.318, 12.79, 0.245, 7.944, 1
0.319, 12.793, 0.244, 7.915, 1
0.32, 12.795, 0.243, 7.866, 1
0.321, 12.797, 0.242, 7.852, 1
0.322, 12.798, 0.242, 7.867, 1
0.323, 12.798, 0.242, 7.867, 1
0.324, 12.801, 0.241, 7.823, 1
0.325, 12.804, 0.239, 7.763, 1
0.326, 12.807, 0.238, 7.743, 1
0.327, 12.808, 0.238, 7.754, 1
0.328, 12.809, 0.237, 7.707, 1
0.329, 12.812, 0.236, 7.653, 1
0.33, 12.815, 0.235, 7.648, 1
0.331, 12.817, 0.234, 7.603, 1
0.332, 12.818, 0.234, 7.6, 1
0.333, 12.819, 0.233, 7.575, 1
0.334, 12.822, 0.232, 7.535, 1
0.335, 12.824, 0.231, 7.501, 1
0.336, 12.825, 0.23, 7.473, 1
0.337, 12.826, 0.23, 7.484, 1
0.338, 12.826, 0.23, 7.484, 1
0.339, 12.831, 0.228, 7.404, 1
0.34, 12.833, 0.227, 7.363, 1
0.341, 12.836, 0.226, 7.315, 1
0.342, 12.837, 0.226, 7.3, 1
0.343, 12.839, 0.225, 7.285, 1
0.344, 12.84, 0.224, 7.251, 1
0.345, 12.842, 0.223, 7.228, 1
0.346, 12.844, 0.222, 7.195, 1
0.347, 12.844, 0.222, 7.195, 1
0.348, 12.846, 0.221, 7.136, 1
0.349, 12.848, 0.22, 7.125, 1
0.35, 12.85, 0.219, 7.112, 1
0.351, 12.851, 0.218, 7.051, 1
0.352, 12.852, 0.218, 7.067, 1
0.353, 12.854, 0.217, 6.996, 1
0.354, 12.856, 0.216, 6.981, 1
0.355, 12.857, 0.215, 6.942, 1
0.356, 12.859, 0.214, 6.913, 1
0.357, 12.86, 0.214, 6.934, 1
0.358, 12.861, 0.213, 6.893, 1
0.359, 12.861, 0.213, 6.893, 1
0.36, 12.865, 0.211, 6.833, 1
0.361, 12.867, 0.21, 6.79, 1
0.362, 12.868, 0.21, 6.799, 1
0.363, 12.869, 0.209, 6.771, 1
0.364, 12.871, 0.208, 6.7, 1
0.365, 12.874, 0.207, 6.678, 1
0.366, 12.876, 0.206, 6.622, 1
0.367, 12.876, 0.206, 6.624, 1
0.368, 12.877, 0.205, 6.591, 1
0.369, 12.879, 0.204, 6.57, 1
0.37, 12.881, 0.203, 6.553, 1
0.371, 12.883, 0.202, 6.504, 1
0.372, 12.883, 0.202, 6.504, 1
0.373, 12.886, 0.201, 6.463, 1
0.374, 12.888, 0.2, 6.428, 1
0.375, 12.89, 0.199, 6.38, 1
0.376, 12.891, 0.198, 6.367, 1
0.377, 12.89, 0.198, 6.373, 1
0.378, 12.891, 0.197, 6.296, 1
0.379, 12.894, 0.196, 6.279, 1
0.38, 12.896, 0.195, 6.267, 1
0.381, 12.898, 0.194, 6.225, 1
0.382, 12.898, 0.194, 6.206, 1
0.383, 12.899, 0.193, 6.202, 1
0.384, 12.901, 0.192, 6.152, 1
0.385, 12.904, 0.191, 6.143, 1
0.386, 12.904, 0.19, 6.07, 1
0.387, 12.905, 0.19, 6.094, 1
0.388, 12.906, 0.189, 6.045, 1
0.389, 12.908, 0.188, 5.978, 1
0.39, 12.91, 0.187, 5.976, 1
0.391, 12.912, 0.186, 5.911, 1
0.392, 12.913, 0.186, 5.895, 1
0.393, 12.915, 0.185, 5.897, 1
0.394, 12.916, 0.184, 5.862, 1
0.395, 12.917, 0.183, 5.835, 1
0.396, 12.918, 0.182, 5.8, 1
0.397, 12.919, 0.182, 5.815, 1
0.398, 12.92, 0.181, 5.754, 1
0.399, 12.922, 0.18, 5.711, 1
0.4, 12.923, 0.179, 5.696, 1
0.401, 12.925, 0.178, 5.665, 1
0.402, 12.926, 0.178, 5.64, 1
0.403, 12.927, 0.177, 5.613, 1
0.404, 12.929, 0.176, 5.571, 1
0.405, 12.929, 0.176, 5.571, 1
0.406, 12.932, 0.175, 5.551, 1
0.407, 12.933, 0.174, 5.505, 1
0.408, 12.934, 0.173, 5.5, 1
0.409, 12.936, 0.172, 5.423, 1
0.41, 12.938, 0.171, 5.395, 1
0.411, 12.938, 0.17, 5.355, 1
0.412, 12.939, 0.17, 5.364, 1
0.413, 12.939, 0.169, 5.342, 1
0.414, 12.94, 0.168, 5.307, 1
0.415, 12.942, 0.167, 5.261, 1
0.416, 12.943, 0.166, 5.219, 1
0.417, 12.944, 0.166, 5.196, 1
0.418, 12.945, 0.165, 5.181, 1
0.419, 12.945, 0.165, 5.181, 1
0.42, 12.947, 0.164, 5.151, 1
0.421, 12.949, 0.162, 5.067, 1
0.422, 12.95, 0.162, 5.068, 1
0.423, 12.952, 0.161, 5.023, 1
0.424, 12.953, 0.16, 5.011, 1
0.425, 12.955, 0.159, 4.973, 1
0.426, 12.958, 0.158, 4.951, 1
0.427, 12.959, 0.158, 4.954, 1
0.428, 12.96, 0.157, 4.893, 1
0.429, 12.962, 0.156, 4.86, 1
0.43, 12.963, 0.155, 4.842, 1
0.431, 12.964, 0.154, 4.795, 1
0.432, 12.965, 0.154, 4.812, 1
0.433, 12.966, 0.153, 4.786, 1
0.434, 12.968, 0.152, 4.738, 1
0.435, 12.97, 0.151, 4.704, 1
0.436, 12.971, 0.15, 4.673, 1
0.437, 12.972, 0.15, 4.688, 1
0.438, 12.972, 0.149, 4.67, 1
0.439, 12.974, 0.148, 4.608, 1
0.44, 12.976, 0.147, 4.585, 1
0.441, 12.977, 0.146, 4.547, 1
0.442, 12.978, 0.146, 4.544, 1
0.443, 12.979, 0.145, 4.5, 1
0.444, 12.98, 0.144, 4.469, 1
0.445, 12.981, 0.143, 4.443, 1
0.446, 12.983, 0.142, 4.414, 1
0.447, 12.983, 0.142, 4.415, 1
0.448, 12.984, 0.141, 4.356, 1
0.449, 12.985, 0.14, 4.345, 1
0.45, 12.986, 0.139, 4.335, 1
0.451, 12.987, 0.138, 4.295, 1
0.452, 12.988, 0.138, 4.292, 1
0.453, 12.989, 0.137, 4.253, 1
0.454, 12.991, 0.136, 4.23, 1
0.455, 12.992, 0.135, 4.188, 1
0.456, 12.993, 0.134, 4.186, 1
0.457, 12.994, 0.134, 4.168, 1
0.458, 12.995, 0.133, 4.153, 1
0.459, 12.996, 0.132, 4.099, 1
0.46, 12.998, 0.131, 4.064, 1
0.461, 12.999, 0.13, 4.051, 1
0.462, 12.999, 0.13, 4.049, 1
0.463, 12.999, 0.129, 4.043, 1
0.464, 13.0, 0.128, 4.012, 1
0.465, 13.001, 0.127, 3.971, 1
0.466, 13.002, 0.126, 3.958, 1
0.467, 13.002, 0.126, 3.963, 1
0.468, 13.003, 0.125, 3.935, 1
0.469, 13.005, 0.124, 3.884, 1
0.47, 13.006, 0.123, 3.864, 1
0.471, 13.006, 0.123, 3.864, 1
0.472, 13.009, 0.122, 3.817, 1
0.473, 13.01, 0.121, 3.786, 1
0.474, 13.011, 0.12, 3.791, 1
0.475, 13.011, 0.119, 3.73, 1
0.476, 13.012, 0.118, 3.742, 1
0.477, 13.011, 0.118, 3.729, 1
0.478, 13.012, 0.117, 3.696, 1
0.479, 13.013, 0.116, 3.682, 1
0.48, 13.014, 0.115, 3.639, 1
0.481, 13.015, 0.114, 3.652, 1
0.482, 13.015, 0.114, 3.627, 1
0.483, 13.016, 0.113, 3.612, 1
0.484, 13.017, 0.112, 3.573, 1
0.485, 13.018, 0.111, 3.561, 1
0.486, 13.018, 0.11, 3.539, 1
0.487, 13.019, 0.11, 3.516, 1
0.488, 13.02, 0.109, 3.545, 1
0.489, 13.021, 0.108, 3.494, 1
0.49, 13.022, 0.107, 3.494, 1
0.491, 13.022, 0.107, 3.494, 1
0.492, 13.023, 0.106, 3.426, 1
0.493, 13.024, 0.105, 3.417, 1
0.494, 13.026, 0.104, 3.388, 1
0.495, 13.027, 0.103, 3.347, 1
0.496, 13.028, 0.102, 3.328, 1
0.497, 13.029, 0.102, 3.279, 1
0.498, 13.029, 0.101, 3.306, 1
0.499, 13.03, 0.1, 3.276, 1
0.5, 13.031, 0.099, 3.247, 1
0.501, 13.032, 0.098, 3.23, 1
0.502, 13.032, 0.098, 3.212, 1
0.503, 13.033, 0.097, 3.212, 1
0.504, 13.034, 0.096, 3.194, 1
0.505, 13.035, 0.095, 3.16, 1
0.506, 13.035, 0.094, 3.146, 1
0.507, 13.035, 0.094, 3.126, 1
0.508, 13.037, 0.093, 3.08, 1
0.509, 13.038, 0.092, 3.065, 1
0.51, 13.038, 0.091, 3.079, 1
0.511, 13.038, 0.09, 3.025, 1
0.512, 13.039, 0.09, 3.04, 1
0.513, 13.04, 0.089, 2.999, 1
0.514, 13.04, 0.088, 2.94, 1
0.515, 13.041, 0.087, 2.947, 1
0.516, 13.042, 0.086, 2.922, 1
0.517, 13.042, 0.086, 2.927, 1
0.518, 13.042, 0.085, 2.922, 1
0.519, 13.042, 0.085, 2.922, 1
0.52, 13.044, 0.083, 2.836, 1
0.521, 13.045, 0.082, 2.794, 1
0.522, 13.045, 0.082, 2.802, 1
0.523, 13.045, 0.081, 2.769, 1
0.524, 13.045, 0.08, 2.737, 1
0.525, 13.046, 0.079, 2.71, 1
0.526, 13.046, 0.078, 2.683, 1
0.527, 13.047, 0.078, 2.686, 1
0.528, 13.047, 0.078, 2.686, 1
0.529, 13.048, 0.076, 2.61, 1
0.53, 13.049, 0.075, 2.591, 1
0.531, 13.049, 0.074, 2.579, 1
0.532, 13.05, 0.074, 2.555, 1
0.533, 13.051, 0.073, 2.512, 1
0.534, 13.051, 0.072, 2.472, 1
0.535, 13.051, 0.071, 2.461, 1
0.536, 13.052, 0.07, 2.423, 1
0.537, 13.052, 0.07, 2.413, 1
0.538, 13.052, 0.069, 2.392, 1
0.539, 13.053, 0.068, 2.341, 1
0.54, 13.053, 0.067, 2.323, 1
0.541, 13.054, 0.066, 2.286, 1
0.542, 13.055, 0.066, 2.277, 1
0.543, 13.056, 0.065, 2.242, 1
0.544, 13.056, 0.064, 2.193, 1
0.545, 13.056, 0.064, 2.193, 1
0.546, 13.056, 0.064, 2.193, 1
0.547, 13.059, 0.062, 2.076, 1
0.548, 13.059, 0.061, 2.06, 1
0.549, 13.059, 0.06, 2.03, 1
0.55, 13.059, 0.059, 1.986, 1
0.551, 13.06, 0.058, 1.95, 1
0.552, 13.06, 0.058, 1.954, 1
0.553, 13.06, 0.057, 1.902, 1
0.554, 13.06, 0.056, 1.865, 1
0.555, 13.061, 0.055, 1.828, 1
0.556, 13.062, 0.054, 1.784, 1
0.557, 13.062, 0.054, 1.793, 1
0.558, 13.062, 0.053, 1.726, 1
0.559, 13.062, 0.052, 1.681, 1
0.56, 13.062, 0.051, 1.66, 1
0.561, 13.062, 0.05, 1.63, 1
0.562, 13.062, 0.05, 1.609, 1
0.563, 13.062, 0.049, 1.583, 1
0.564, 13.062, 0.048, 1.549, 1
0.565, 13.063, 0.047, 1.522, 1
0.566, 13.063, 0.046, 1.424, 1
0.567, 13.063, 0.046, 1.436, 1
0.568, 13.063, 0.045, 1.42, 1
0.569, 13.063, 0.044, 1.35, 1
0.57, 13.064, 0.043, 1.319, 1
0.571, 13.064, 0.042, 1.3, 1
0.572, 13.064, 0.042, 1.301, 1
0.573, 13.064, 0.041, 1.262, 1
0.574, 13.064, 0.04, 1.204, 1
0.575, 13.064, 0.039, 1.206, 1
0.576, 13.064, 0.038, 1.152, 1
0.577, 13.064, 0.038, 1.334, 1
0.578, 13.064, 0.037, 1.245, 1
0.579, 13.064, 0.036, 1.366, 1
0.58, 13.064, 0.035, 1.568, 1
0.581, 13.065, 0.034, 1.609, 1
0.582, 13.065, 0.034, 1.609, 1
0.583, 13.066, 0.034, 1.604, 1
0.584, 13.066, 0.032, 1.664, 1
0.585, 13.065, 0.031, 1.927, 1
0.586, 13.066, 0.03, 1.897, 1
0.587, 13.066, 0.03, 2.041, 1
0.588, 13.066, 0.03, 2.041, 1
0.589, 13.065, 0.028, 2.174, 1
0.59, 13.066, 0.027, 2.083, 1
0.591, 13.065, 0.026, 2.074, 1
0.592, 13.065, 0.026, 2.024, 1
0.593, 13.064, 0.025, 2.007, 1
0.594, 13.063, 0.024, 1.676, 1
0.595, 13.063, 0.023, 1.668, 1
0.596, 13.063, 0.023, 1.668, 1
0.597, 13.063, 0.022, 1.594, 1
0.598, 13.063, 0.021, 1.417, 1
0.599, 13.063, 0.021, 1.417, 1
0.6, 13.063, 0.019, 1.191, 1
0.601, 13.064, 0.018, 0.352, 1
0.602, 13.063, 0.018, 0.337, 1
0.603, 13.064, 0.017, 0.376, 1
0.604, 13.065, 0.016, 0.342, 1
0.605, 13.065, 0.015, 0.373, 1
0.606, 13.065, 0.014, -0.006, 1
0.607, 13.065, 0.014, -0.014, 1
0.608, 13.065, 0.013, -0.018, 1
0.609, 13.065, 0.012, -0.015, 1
0.61, 13.065, 0.011, 0.0, 1
0.611, 13.064, 0.01, -0.017, 1
0.612, 13.065, 0.01, -0.011, 1
0.613, 13.065, 0.009, -0.009, 1
0.614, 13.065, 0.008, -0.009, 1
0.615, 13.065, 0.007, -0.01, 1
0.616, 13.065, 0.006, -0.002, 1
0.617, 13.064, 0.006, -0.014, 1
0.618, 13.064, 0.005, -0.01, 1
0.619, 13.064, 0.005, -0.01, 1
0.62, 13.064, 0.003, -0.001, 1
0.621, 13.064, 0.002, -0.002, 1
0.622, 13.064, 0.002, -0.002, 1
0.623, 13.064, 0.002, -0.018, 1
12.925, 16.231, -0.001, -0.008, 2
12.926, 16.231, 0.0, 0.002, 2
12.927, 16.231, 0.001, -0.0, 2
12.928, 16.231, 0.001, -0.005, 2
12.929, 16.231, 0.002, -0.009, 2
12.93, 16.231, 0.003, -0.021, 2
12.931, 16.23, 0.004, -0.002, 2
12.932, 16.23, 0.005, 0.0, 2
12.933, 16.23, 0.005, -0.012, 2
12.934, 16.23, 0.006, -0.011, 2
12.935, 16.229, 0.007, -0.011, 2
12.936, 16.23, 0.008, -0.01, 2
12.937, 16.23, 0.009, -0.013, 2
12.938, 16.23, 0.009, -0.018, 2
12.939, 16.23, 0.009, -0.018, 2
12.94, 16.23, 0.01, -0.009, 2
12.941, 16.23, 0.012, -0.015, 2
12.942, 16.23, 0.013, -0.001, 2
12.943, 16.23, 0.013, -0.003, 2
12.944, 16.23, 0.014, 0.002, 2
12.945, 16.23, 0.015, -0.013, 2
12.946, 16.23, 0.016, 0.345, 2
12.947, 16.231, 0.017, 0.828, 2
12.948, 16.23, 0.017, 0.368, 2
12.949, 16.229, 0.018, 0.346, 2
12.95, 16.229, 0.019, 0.94, 2
12.951, 16.229, 0.02, 0.942, 2
12.952, 16.229, 0.021, 1.73, 2
12.953, 16.229, 0.021, 1.516, 2
12.954, 16.229, 0.022, 1.725, 2
12.955, 16.229, 0.023, 1.567, 2
12.956, 16.228, 0.024, 1.723, 2
12.957, 16.228, 0.025, 1.963, 2
12.958, 16.228, 0.025, 1.981, 2
12.959, 16.228, 0.026, 2.098, 2
12.96, 16.228, 0.027, 2.11, 2
12.961, 16.228, 0.028, 2.255, 2
12.962, 16.228, 0.029, 2.042, 2
12.963, 16.227, 0.029, 1.976, 2
12.964, 16.227, 0.03, 2.088, 2
12.965, 16.226, 0.031, 1.997, 2
12.966, 16.226, 0.032, 1.933, 2
12.967, 16.226, 0.033, 1.799, 2
12.968, 16.226, 0.033, 1.593, 2
12.969, 16.225, 0.034, 1.668, 2
12.97, 16.225, 0.035, 1.612, 2
12.971, 16.225, 0.036, 1.425, 2
12.972, 16.224, 0.037, 1.446, 2
12.973, 16.224, 0.037, 1.597, 2
12.974, 16.224, 0.038, 1.485, 2
12.975, 16.224, 0.039, 1.411, 2
12.976, 16.223, 0.04, 1.387, 2
12.977, 16.223, 0.041, 1.572, 2
12.978, 16.222, 0.041, 1.408, 2
12.979, 16.222, 0.042, 1.514, 2
12.98, 16.222, 0.043, 1.606, 2
12.981, 16.221, 0.044, 1.602, 2
12.982, 16.22, 0.045, 1.712, 2
12.983, 16.22, 0.045, 1.699, 2
12.984, 16.22, 0.046, 1.774, 2
12.985, 16.22, 0.046, 1.774, 2
12.986, 16.219, 0.048, 1.831, 2
12.987, 16.219, 0.049, 1.895, 2
12.988, 16.218, 0.049, 1.912, 2
12.989, 16.218, 0.05, 2.007, 2
12.99, 16.217, 0.051, 2.003, 2
12.991, 16.217, 0.052, 2.07, 2
12.992, 16.217, 0.053, 2.083, 2
12.993, 16.216, 0.053, 2.09, 2
12.994, 16.216, 0.054, 2.166, 2
12.995, 16.215, 0.055, 2.222, 2
12.996, 16.215, 0.056, 2.26, 2
12.997, 16.215, 0.057, 2.345, 2
12.998, 16.215, 0.057, 2.32, 2
12.999, 16.214, 0.058, 2.398, 2
13.0, 16.214, 0.059, 2.441, 2
13.001, 16.213, 0.06, 2.505, 2
13.002, 16.212, 0.061, 2.516, 2
13.003, 16.213, 0.061, 2.519, 2
13.004, 16.212, 0.062, 2.558, 2
13.005, 16.211, 0.063, 2.614, 2
13.006, 16.21, 0.064, 2.667, 2
13.007, 16.209, 0.065, 2.754, 2
13.008, 16.209, 0.065, 2.761, 2
13.009, 16.208, 0.066, 2.781, 2
13.01, 16.208, 0.067, 2.826, 2
13.011, 16.208, 0.068, 2.857, 2
13.012, 16.207, 0.069, 2.93, 2
13.013, 16.207, 0.069, 2.926, 2
13.014, 16.207, 0.069, 2.926, 2
13.015, 16.206, 0.07, 2.958, 2
13.016, 16.205, 0.072, 3.047, 2
13.017, 16.204, 0.073, 3.072, 2
13.018, 16.204, 0.073, 3.073, 2
13.019, 16.203, 0.074, 3.159, 2
13.02, 16.202, 0.075, 3.182, 2
13.021, 16.202, 0.076, 3.217, 2
13.022, 16.201, 0.077, 3.269, 2
13.023, 16.201, 0.077, 3.263, 2
13.024, 16.2, 0.078, 3.276, 2
13.025, 16.199, 0.079, 3.334, 2
13.026, 16.197, 0.08, 3.393, 2
13.027, 16.197, 0.081, 3.406, 2
13.028, 16.196, 0.081, 3.386, 2
13.029, 16.195, 0.082, 3.421, 2
13.03, 16.195, 0.083, 3.508, 2
13.031, 16.193, 0.084, 3.511, 2
13.032, 16.192, 0.085, 3.567, 2
13.033, 16.192, 0.085, 3.558, 2
13.034, 16.191, 0.086, 3.627, 2
13.035, 16.191, 0.087, 3.619, 2
13.036, 16.191, 0.087, 3.619, 2
13.037, 16.189, 0.089, 3.702, 2
13.038, 16.188, 0.089, 3.736, 2
13.039, 16.188, 0.09, 3.744, 2
13.04, 16.187, 0.091, 3.777, 2
13.041, 16.186, 0.092, 3.762, 2
13.042, 16.185, 0.093, 3.865, 2
13.043, 16.185, 0.093, 3.842, 2
13.044, 16.184, 0.094, 3.855, 2
13.045, 16.183, 0.095, 3.889, 2
13.046, 16.181, 0.096, 3.922, 2
13.047, 16.18, 0.097, 3.969, 2
13.048, 16.18, 0.097, 3.982, 2
13.049, 16.179, 0.098, 4.007, 2
13.05, 16.178, 0.099, 4.061, 2
13.051, 16.177, 0.1, 4.073, 2
13.052, 16.176, 0.101, 4.099, 2
13.053, 16.176, 0.101, 4.106, 2
13.054, 16.175, 0.102, 4.101, 2
13.055, 16.174, 0.103, 4.142, 2
13.056, 16.172, 0.104, 4.169, 2
13.057, 16.17, 0.105, 4.245, 2
13.058, 16.169, 0.105, 4.263, 2
13.059, 16.168, 0.106, 4.275, 2
13.06, 16.167, 0.107, 4.271, 2
13.061, 16.167, 0.107, 4.271, 2
13.062, 16.165, 0.109, 4.416, 2
13.063, 16.164, 0.109, 4.36, 2
13.064, 16.164, 0.109, 4.36, 2
13.065, 16.162, 0.111, 4.44, 2
13.066, 16.161, 0.112, 4.461, 2
13.067, 16.16, 0.113, 4.441, 2
13.068, 16.159, 0.113, 4.455, 2
13.069, 16.158, 0.114, 4.53, 2
13.07, 16.157, 0.115, 4.505, 2
13.071, 16.156, 0.116, 4.563, 2
13.072, 16.155, 0.117, 4.587, 2
13.073, 16.155, 0.117, 4.624, 2
13.074, 16.154, 0.118, 4.657, 2
13.075, 16.152, 0.119, 4.659, 2
13.076, 16.15, 0.12, 4.704, 2
13.077, 16.149, 0.121, 4.731, 2
13.078, 16.148, 0.121, 4.758, 2
13.079, 16.147, 0.122, 4.734, 2
13.08, 16.146, 0.123, 4.793, 2
13.081, 16.144, 0.124, 4.825, 2
13.082, 16.143, 0.125, 4.879, 2
13.083, 16.141, 0.125, 4.921, 2
13.084, 16.14, 0.126, 4.921, 2
13.085, 16.138, 0.127, 4.958, 2
13.086, 16.138, 0.128, 4.975, 2
13.087, 16.136, 0.129, 5.042, 2
13.088, 16.135, 0.129, 5.032, 2
13.089, 16.134, 0.13, 5.066, 2
13.09, 16.132, 0.131, 5.077, 2
13.091, 16.131, 0.132, 5.112, 2
13.092, 16.13, 0.133, 5.193, 2
13.093, 16.13, 0.133, 5.193, 2
13.094, 16.128, 0.134, 5.232, 2
13.095, 16.126, 0.135, 5.241, 2
13.096, 16.125, 0.136, 5.282, 2
13.097, 16.125, 0.137, 5.308, 2
13.098, 16.124, 0.137, 5.304, 2
13.099, 16.122, 0.138, 5.371, 2
13.1, 16.12, 0.139, 5.398, 2
13.101, 16.119, 0.14, 5.42, 2
13.102, 16.118, 0.141, 5.461, 2
13.103, 16.117, 0.141, 5.468, 2
13.104, 16.115, 0.142, 5.528, 2
13.105, 16.114, 0.143, 5.531, 2
13.106, 16.112, 0.144, 5.58, 2
13.107, 16.111, 0.145, 5.609, 2
13.108, 16.11, 0.145, 5.611, 2
13.109, 16.11, 0.146, 5.666, 2
13.11, 16.108, 0.147, 5.701, 2
13.111, 16.106, 0.148, 5.743, 2
13.112, 16.106, 0.148, 5.743, 2
13.113, 16.104, 0.149, 5.801, 2
13.114, 16.103, 0.15, 5.836, 2
13.115, 16.103, 0.15, 5.836, 2
13.116, 16.1, 0.152, 5.882, 2
13.117, 16.097, 0.153, 5.954, 2
13.118, 16.097, 0.153, 5.954, 2
13.119, 16.096, 0.153, 5.974, 2
13.12, 16.094, 0.155, 6.051, 2
13.121, 16.091, 0.156, 6.093, 2
13.122, 16.089, 0.157, 6.093, 2
13.123, 16.091, 0.157, 6.096, 2
13.124, 16.088, 0.158, 6.208, 2
13.125, 16.086, 0.159, 6.197, 2
13.126, 16.085, 0.16, 6.243, 2
13.127, 16.084, 0.161, 6.267, 2
13.128, 16.083, 0.161, 6.284, 2
13.129, 16.081, 0.162, 6.349, 2
13.13, 16.079, 0.163, 6.387, 2
13.131, 16.079, 0.163, 6.387, 2
13.132, 16.075, 0.165, 6.455, 2
13.133, 16.075, 0.165, 6.435, 2
13.134, 16.074, 0.166, 6.48, 2
13.135, 16.071, 0.167, 6.546, 2
13.136, 16.069, 0.168, 6.568, 2
13.137, 16.067, 0.169, 6.649, 2
13.138, 16.066, 0.169, 6.647, 2
13.139, 16.063, 0.17, 6.691, 2
13.14, 16.063, 0.171, 6.702, 2
13.141, 16.062, 0.172, 6.771, 2
13.142, 16.058, 0.173, 6.827, 2
13.143, 16.057, 0.173, 6.818, 2
13.144, 16.057, 0.173, 6.818, 2
13.145, 16.055, 0.174, 6.889, 2
13.146, 16.052, 0.176, 6.959, 2
13.147, 16.051, 0.177, 6.977, 2
13.148, 16.051, 0.177, 6.975, 2
13.149, 16.048, 0.178, 7.049, 2
13.15, 16.048, 0.178, 7.049, 2
13.151, 16.044, 0.18, 7.114, 2
13.152, 16.043, 0.181, 7.156, 2
13.153, 16.043, 0.181, 7.148, 2
13.154, 16.041, 0.182, 7.217, 2
13.155, 16.039, 0.183, 7.264, 2
13.156, 16.036, 0.184, 7.286, 2
13.157, 16.035, 0.185, 7.331, 2
13.158, 16.033, 0.185, 7.309, 2
13.159, 16.032, 0.186, 7.38, 2
13.16, 16.03, 0.187, 7.427, 2
13.161, 16.027, 0.188, 7.472, 2
13.162, 16.024, 0.189, 7.526, 2
13.163, 16.023, 0.189, 7.552, 2
13.164, 16.022, 0.19, 7.57, 2
13.165, 16.021, 0.191, 7.619, 2
13.166, 16.019, 0.192, 7.665, 2
13.167, 16.019, 0.192, 7.665, 2
13.168, 16.019, 0.192, 7.665, 2
13.169, 16.014, 0.194, 7.747, 2
13.17, 16.012, 0.195, 7.792, 2
13.171, 16.009, 0.196, 7.815, 2
13.172, 16.008, 0.197, 7.844, 2
13.173, 16.007, 0.197, 7.845, 2
13.174, 16.005, 0.198, 7.931, 2
13.175, 16.002, 0.199, 7.949, 2
13.176, 16.0, 0.2, 7.989, 2
13.177, 15.999, 0.201, 8.025, 2
13.178, 15.999, 0.201, 8.043, 2
13.179, 15.996, 0.202, 8.113, 2
13.18, 15.998, 0.201, 8.052, 2
13.181, 16.0, 0.2, 7.985, 2
13.182, 16.003, 0.199, 7.944, 2
13.183, 16.004, 0.199, 7.941, 2
13.184, 16.005, 0.198, 7.942, 2
13.185, 16.009, 0.197, 7.876, 2
13.186, 16.011, 0.196, 7.829, 2
13.187, 16.013, 0.195, 7.788, 2
13.188, 16.014, 0.195, 7.799, 2
13.189, 16.015, 0.194, 7.762, 2
13.19, 16.017, 0.193, 7.731, 2
13.191, 16.02, 0.192, 7.651, 2
13.192, 16.023, 0.191, 7.611, 2
13.193, 16.024, 0.191, 7.589, 2
13.194, 16.024, 0.19, 7.568, 2
13.195, 16.026, 0.189, 7.533, 2
13.196, 16.03, 0.188, 7.461, 2
13.197, 16.032, 0.187, 7.411, 2
13.198, 16.034, 0.187, 7.436, 2
13.199, 16.036, 0.186, 7.353, 2
13.2, 16.039, 0.185, 7.339, 2
13.201, 16.041, 0.184, 7.289, 2
13.202, 16.042, 0.183, 7.258, 2
13.203, 16.043, 0.183, 7.264, 2
13.204, 16.044, 0.182, 7.215, 2
13.205, 16.046, 0.181, 7.167, 2
13.206, 16.049, 0.18, 7.115, 2
13.207, 16.05, 0.179, 7.089, 2
13.208, 16.051, 0.179, 7.061, 2
13.209, 16.052, 0.178, 7.033, 2
13.21, 16.052, 0.178, 7.033, 2
13.211, 16.056, 0.177, 6.941, 2
13.212, 16.058, 0.175, 6.88, 2
13.213, 16.06, 0.175, 6.901, 2
13.214, 16.061, 0.174, 6.856, 2
13.215, 16.063, 0.173, 6.824, 2
13.216, 16.065, 0.172, 6.783, 2
13.217, 16.067, 0.171, 6.704, 2
13.218, 16.069, 0.171, 6.738, 2
13.219, 16.07, 0.17, 6.688, 2
13.22, 16.071, 0.169, 6.667, 2
13.221, 16.074, 0.168, 6.573, 2
13.222, 16.076, 0.167, 6.529, 2
13.223, 16.077, 0.167, 6.537, 2
13.224, 16.078, 0.166, 6.497, 2
13.225, 16.081, 0.165, 6.449, 2
13.226, 16.083, 0.164, 6.417, 2
13.227, 16.084, 0.163, 6.375, 2
13.228, 16.084, 0.163, 6.372, 2
13.229, 16.086, 0.162, 6.329, 2
13.23, 16.088, 0.161, 6.27, 2
13.231, 16.09, 0.16, 6.236, 2
13.232, 16.091, 0.159, 6.193, 2
13.233, 16.092, 0.159, 6.196, 2
13.234, 16.093, 0.158, 6.182, 2
13.235, 16.096, 0.157, 6.073, 2
13.236, 16.098, 0.156, 6.067, 2
13.237, 16.099, 0.155, 6.035, 2
13.238, 16.1, 0.155, 6.018, 2
13.239, 16.102, 0.154, 5.974, 2
13.24, 16.103, 0.153, 5.956, 2
13.241, 16.104, 0.152, 5.905, 2
13.242, 16.106, 0.151, 5.879, 2
13.243, 16.107, 0.151, 5.889, 2
13.244, 16.107, 0.151, 5.889, 2
13.245, 16.108, 0.15, 5.825, 2
13.246, 16.111, 0.148, 5.739, 2
13.247, 16.113, 0.147, 5.689, 2
13.248, 16.114, 0.147, 5.694, 2
13.249, 16.116, 0.146, 5.65, 2
13.25, 16.117, 0.145, 5.614, 2
13.251, 16.12, 0.144, 5.59, 2
13.252, 16.121, 0.143, 5.53, 2
13.253, 16.122, 0.143, 5.534, 2
13.254, 16.123, 0.142, 5.52, 2
13.255, 16.125, 0.141, 5.448, 2
13.256, 16.127, 0.14, 5.422, 2
13.257, 16.127, 0.139, 5.39, 2
13.258, 16.129, 0.139, 5.36, 2
13.259, 16.13, 0.138, 5.357, 2
13.26, 16.131, 0.137, 5.297, 2
13.261, 16.133, 0.136, 5.279, 2
13.262, 16.135, 0.135, 5.24, 2
13.263, 16.135, 0.135, 5.238, 2
13.264, 16.135, 0.134, 5.208, 2
13.265, 16.137, 0.133, 5.174, 2
13.266, 16.139, 0.132, 5.127, 2
13.267, 16.141, 0.131, 5.092, 2
13.268, 16.141, 0.131, 5.09, 2
13.269, 16.142, 0.13, 5.045, 2
13.27, 16.143, 0.129, 5.018, 2
13.271, 16.145, 0.128, 4.978, 2
13.272, 16.145, 0.128, 4.978, 2
13.273, 16.147, 0.127, 4.928, 2
13.274, 16.147, 0.126, 4.918, 2
13.275, 16.149, 0.125, 4.877, 2
13.276, 16.151, 0.124, 4.826, 2
13.277, 16.152, 0.123, 4.802, 2
13.278, 16.152, 0.123, 4.802, 2
13.279, 16.152, 0.123, 4.799, 2
13.28, 16.155, 0.121, 4.719, 2
13.281, 16.156, 0.12, 4.683, 2
13.282, 16.156, 0.12, 4.683, 2
13.283, 16.158, 0.119, 4.666, 2
13.284, 16.158, 0.118, 4.633, 2
13.285, 16.16, 0.117, 4.602, 2
13.286, 16.162, 0.116, 4.577, 2
13.287, 16.162, 0.116, 4.577, 2
13.288, 16.163, 0.115, 4.521, 2
13.289, 16.164, 0.114, 4.494, 2
13.29, 16.166, 0.113, 4.468, 2
13.291, 16.167, 0.112, 4.395, 2
13.292, 16.169, 0.111, 4.393, 2
13.293, 16.169, 0.111, 4.393, 2
13.294, 16.17, 0.111, 4.441, 2
13.295, 16.171, 0.109, 4.343, 2
13.296, 16.172, 0.108, 4.289, 2
13.297, 16.174, 0.107, 4.292, 2
13.298, 16.174, 0.107, 4.255, 2
13.299, 16.174, 0.106, 4.272, 2
13.3, 16.176, 0.105, 4.238, 2
13.301, 16.177, 0.104, 4.22, 2
13.302, 16.179, 0.103, 4.175, 2
13.303, 16.179, 0.103, 4.112, 2
13.304, 16.18, 0.102, 4.134, 2
13.305, 16.182, 0.101, 4.07, 2
13.306, 16.182, 0.1, 4.069, 2
13.307, 16.183, 0.099, 4.028, 2
13.308, 16.183, 0.099, 4.028, 2
13.309, 16.183, 0.099, 4.028, 2
13.31, 16.185, 0.098, 3.985, 2
13.311, 16.186, 0.096, 3.93, 2
13.312, 16.188, 0.095, 3.903, 2
13.313, 16.188, 0.095, 3.903, 2
13.314, 16.189, 0.094, 3.864, 2
13.315, 16.189, 0.094, 3.864, 2
13.316, 16.19, 0.093, 3.803, 2
13.317, 16.191, 0.091, 3.758, 2
13.318, 16.192, 0.091, 3.746, 2
13.319, 16.193, 0.09, 3.745, 2
13.32, 16.193, 0.089, 3.704, 2
13.321, 16.195, 0.088, 3.666, 2
13.322, 16.196, 0.087, 3.623, 2
13.323, 16.196, 0.087, 3.624, 2
13.324, 16.197, 0.086, 3.596, 2
13.325, 16.198, 0.085, 3.559, 2
13.326, 16.199, 0.084, 3.516, 2
13.327, 16.199, 0.083, 3.477, 2
13.328, 16.2, 0.083, 3.467, 2
13.329, 16.201, 0.082, 3.452, 2
13.33, 16.202, 0.081, 3.415, 2
13.331, 16.203, 0.08, 3.347, 2
13.332, 16.204, 0.079, 3.335, 2
13.333, 16.204, 0.079, 3.327, 2
13.334, 16.205, 0.078, 3.282, 2
13.335, 16.206, 0.077, 3.224, 2
13.336, 16.207, 0.076, 3.205, 2
13.337, 16.207, 0.075, 3.169, 2
13.338, 16.207, 0.075, 3.192, 2
13.339, 16.208, 0.074, 3.129, 2
13.34, 16.208, 0.073, 3.068, 2
13.341, 16.209, 0.072, 3.04, 2
13.342, 16.21, 0.071, 3.004, 2
13.343, 16.21, 0.071, 2.996, 2
13.344, 16.211, 0.07, 2.965, 2
13.345, 16.211, 0.069, 2.942, 2
13.346, 16.212, 0.068, 2.849, 2
13.347, 16.213, 0.067, 2.82, 2
13.348, 16.213, 0.067, 2.824, 2
13.349, 16.213, 0.067, 2.824, 2
13.35, 16.215, 0.066, 2.775, 2
13.351, 16.216, 0.064, 2.666, 2
13.352, 16.217, 0.063, 2.632, 2
13.353, 16.217, 0.063, 2.642, 2
13.354, 16.218, 0.062, 2.535, 2
13.355, 16.218, 0.061, 2.512, 2
13.356, 16.218, 0.06, 2.465, 2
13.357, 16.218, 0.059, 2.448, 2
13.358, 16.219, 0.059, 2.434, 2
13.359, 16.219, 0.058, 2.396, 2
13.36, 16.22, 0.057, 2.326, 2
13.361, 16.22, 0.056, 2.281, 2
13.362, 16.221, 0.055, 2.225, 2
13.363, 16.221, 0.055, 2.225, 2
13.364, 16.222, 0.054, 2.211, 2
13.365, 16.223, 0.053, 2.079, 2
13.366, 16.223, 0.052, 2.053, 2
13.367, 16.224, 0.051, 1.982, 2
13.368, 16.224, 0.051, 2.029, 2
13.369, 16.224, 0.051, 2.029, 2
13.37, 16.225, 0.049, 1.934, 2
13.371, 16.225, 0.049, 1.934, 2
13.372, 16.226, 0.047, 1.75, 2
13.373, 16.226, 0.047, 1.765, 2
13.374, 16.225, 0.046, 1.772, 2
13.375, 16.226, 0.045, 1.733, 2
13.376, 16.228, 0.044, 1.617, 2
13.377, 16.228, 0.043, 1.613, 2
13.378, 16.228, 0.043, 1.601, 2
13.379, 16.227, 0.042, 1.535, 2
13.38, 16.225, 0.041, 1.589, 2
13.381, 16.225, 0.04, 1.461, 2
13.382, 16.225, 0.039, 1.556, 2
13.383, 16.225, 0.039, 1.556, 2
13.384, 16.225, 0.039, 1.514, 2
13.385, 16.226, 0.037, 1.442, 2
13.386, 16.226, 0.036, 1.505, 2
13.387, 16.226, 0.035, 1.535, 2
13.388, 16.226, 0.035, 1.775, 2
13.389, 16.226, 0.034, 1.663, 2
13.39, 16.226, 0.033, 1.741, 2
13.391, 16.226, 0.032, 1.819, 2
13.392, 16.226, 0.031, 1.896, 2
13.393, 16.227, 0.031, 2.077, 2
13.394, 16.228, 0.03, 1.912, 2
13.395, 16.228, 0.029, 2.062, 2
13.396, 16.228, 0.028, 2.081, 2
13.397, 16.228, 0.027, 2.071, 2
13.398, 16.229, 0.027, 2.302, 2
13.399, 16.229, 0.026, 2.055, 2
13.4, 16.229, 0.025, 1.937, 2
13.401, 16.229, 0.024, 1.885, 2
13.402, 16.229, 0.023, 1.779, 2
13.403, 16.229, 0.023, 1.717, 2
13.404, 16.23, 0.022, 1.478, 2
13.405, 16.23, 0.021, 1.535, 2
13.406, 16.23, 0.02, 1.263, 2
13.407, 16.23, 0.02, 1.263, 2
13.408, 16.23, 0.019, 0.878, 2
13.409, 16.23, 0.018, 0.908, 2
13.41, 16.231, 0.017, 0.37, 2
13.411, 16.231, 0.016, 0.353, 2
13.412, 16.231, 0.015, -0.009, 2
13.413, 16.231, 0.015, -0.006, 2
13.414, 16.231, 0.014, -0.006, 2
13.415, 16.231, 0.013, -0.008, 2
13.416, 16.231, 0.013, -0.008, 2
13.417, 16.231, 0.012, -0.012, 2
13.418, 16.231, 0.011, -0.006, 2
13.419, 16.232, 0.01, -0.011, 2
13.42, 16.231, 0.009, -0.008, 2
13.421, 16.231, 0.008, -0.01, 2
13.422, 16.231, 0.007, -0.007, 2
13.423, 16.232, 0.007, -0.009, 2
13.424, 16.232, 0.006, -0.008, 2
13.425, 16.232, 0.005, -0.013, 2
13.426, 16.232, 0.004, -0.01, 2
13.427, 16.232, 0.004, -0.01, 2
13.428, 16.231, 0.003, -0.015, 2
13.429, 16.232, 0.002, -0.022, 2
13.43, 16.232, 0.001, -0.01, 2
