Time, Vsupply, dca, ia, take
0.0, 16.404, 0.0, -0.007, 1
0.002, 16.404, 0.0, -0.01, 1
0.003, 16.404, 0.001, -0.015, 1
0.004, 16.404, 0.002, -0.001, 1
0.005, 16.404, 0.003, -0.016, 1
0.006, 16.404, 0.004, 0.001, 1
0.007, 16.404, 0.004, -0.009, 1
0.008, 16.404, 0.005, -0.016, 1
0.009, 16.404, 0.006, -0.01, 1
0.01, 16.404, 0.007, -0.007, 1
0.011, 16.404, 0.008, -0.017, 1
0.012, 16.404, 0.008, -0.01, 1
0.013, 16.404, 0.009, -0.018, 1
0.014, 16.404, 0.01, -0.028, 1
0.015, 16.404, 0.011, -0.006, 1
0.016, 16.404, 0.012, -0.002, 1
0.017, 16.404, 0.012, -0.025, 1
0.018, 16.404, 0.013, -0.017, 1
0.019, 16.404, 0.014, -0.019, 1
0.02, 16.404, 0.015, -0.008, 1
0.021, 16.404, 0.015, -0.008, 1
0.022, 16.404, 0.016, 0.258, 1
0.023, 16.404, 0.017, 0.263, 1
0.024, 16.403, 0.018, 0.244, 1
0.025, 16.403, 0.019, 0.973, 1
0.026, 16.403, 0.02, 1.066, 1
0.027, 16.403, 0.02, 0.613, 1
0.028, 16.402, 0.021, 1.261, 1
0.029, 16.402, 0.022, 1.281, 1
0.03, 16.402, 0.023, 1.775, 1
0.031, 16.402, 0.024, 1.836, 1
0.032, 16.402, 0.024, 1.514, 1
0.033, 16.402, 0.025, 1.899, 1
0.034, 16.401, 0.026, 2.075, 1
0.035, 16.401, 0.027, 2.442, 1
0.036, 16.401, 0.028, 2.464, 1
0.037, 16.401, 0.028, 2.38, 1
0.038, 16.401, 0.029, 2.498, 1
0.039, 16.401, 0.03, 2.529, 1
0.04, 16.401, 0.031, 2.691, 1
0.041, 16.401, 0.032, 2.768, 1
0.042, 16.401, 0.032, 2.796, 1
0.043, 16.401, 0.033, 2.889, 1
0.044, 16.401, 0.034, 2.909, 1
0.045, 16.4, 0.035, 3.01, 1
0.046, 16.4, 0.036, 3.045, 1
0.047, 16.4, 0.036, 3.042, 1
0.048, 16.4, 0.037, 3.083, 1
0.049, 16.4, 0.038, 3.121, 1
0.05, 16.401, 0.039, 3.164, 1
0.051, 16.4, 0.04, 3.19, 1
0.052, 16.4, 0.04, 3.19, 1
0.053, 16.401, 0.04, 3.192, 1
0.054, 16.401, 0.042, 3.272, 1
0.055, 16.401, 0.043, 3.283, 1
0.056, 16.4, 0.044, 3.313, 1
0.057, 16.4, 0.044, 3.295, 1
0.058, 16.4, 0.045, 3.32, 1
0.059, 16.399, 0.046, 3.316, 1
0.06, 16.4, 0.047, 3.354, 1
0.061, 16.399, 0.048, 3.326, 1
0.062, 16.399, 0.048, 3.348, 1
0.063, 16.398, 0.049, 3.208, 1
0.064, 16.398, 0.05, 3.05, 1
0.065, 16.398, 0.051, 3.249, 1
0.066, 16.398, 0.052, 3.196, 1
0.067, 16.397, 0.052, 3.212, 1
0.068, 16.397, 0.052, 3.212, 1
0.069, 16.397, 0.054, 3.105, 1
0.07, 16.396, 0.055, 2.933, 1
0.071, 16.397, 0.056, 2.769, 1
0.072, 16.396, 0.056, 2.688, 1
0.073, 16.396, 0.056, 2.688, 1
0.074, 16.396, 0.058, 2.71, 1
0.075, 16.396, 0.059, 2.542, 1
0.076, 16.395, 0.06, 2.537, 1
0.077, 16.394, 0.06, 2.383, 1
0.078, 16.394, 0.061, 2.607, 1
0.079, 16.394, 0.062, 2.46, 1
0.08, 16.394, 0.063, 2.404, 1
0.081, 16.393, 0.064, 2.434, 1
0.082, 16.393, 0.064, 2.447, 1
0.083, 16.392, 0.065, 2.354, 1
0.084, 16.392, 0.066, 2.384, 1
0.085, 16.391, 0.067, 2.432, 1
0.086, 16.391, 0.068, 2.469, 1
0.087, 16.391, 0.068, 2.461, 1
0.088, 16.391, 0.068, 2.461, 1
0.089, 16.389, 0.07, 2.541, 1
0.09, 16.389, 0.071, 2.562, 1
0.091, 16.388, 0.072, 2.553, 1
0.092, 16.388, 0.072, 2.581, 1
0.093, 16.388, 0.073, 2.566, 1
0.094, 16.387, 0.074, 2.668, 1
0.095, 16.387, 0.075, 2.653, 1
0.096, 16.386, 0.076, 2.733, 1
0.097, 16.386, 0.076, 2.709, 1
0.098, 16.385, 0.077, 2.748, 1
0.099, 16.385, 0.078, 2.767, 1
0.1, 16.384, 0.079, 2.773, 1
0.101, 16.384, 0.08, 2.838, 1
0.102, 16.383, 0.08, 2.828, 1
0.103, 16.383, 0.081, 2.885, 1
0.104, 16.382, 0.082, 2.886, 1
0.105, 16.381, 0.083, 2.923, 1
0.106, 16.381, 0.084, 2.974, 1
0.107, 16.38, 0.084, 2.951, 1
0.108, 16.379, 0.085, 3.0, 1
0.109, 16.378, 0.086, 2.991, 1
0.11, 16.378, 0.087, 3.059, 1
0.111, 16.378, 0.087, 3.059, 1
0.112, 16.377, 0.088, 3.046, 1
0.113, 16.376, 0.089, 3.113, 1
0.114, 16.375, 0.09, 3.146, 1
0.115, 16.375, 0.091, 3.145, 1
0.116, 16.375, 0.092, 3.166, 1
0.117, 16.374, 0.092, 3.171, 1
0.118, 16.374, 0.093, 3.171, 1
0.119, 16.373, 0.094, 3.237, 1
0.12, 16.373, 0.094, 3.237, 1
0.121, 16.371, 0.096, 3.29, 1
0.122, 16.371, 0.096, 3.29, 1
0.123, 16.371, 0.097, 3.333, 1
0.124, 16.37, 0.098, 3.371, 1
0.125, 16.369, 0.099, 3.405, 1
0.126, 16.369, 0.099, 3.405, 1
0.127, 16.368, 0.1, 3.441, 1
0.128, 16.367, 0.101, 3.431, 1
0.129, 16.367, 0.102, 3.471, 1
0.13, 16.366, 0.103, 3.513, 1
0.131, 16.365, 0.104, 3.557, 1
0.132, 16.364, 0.104, 3.533, 1
0.133, 16.363, 0.105, 3.597, 1
0.134, 16.362, 0.106, 3.615, 1
0.135, 16.361, 0.107, 3.655, 1
0.136, 16.361, 0.108, 3.669, 1
0.137, 16.36, 0.108, 3.667, 1
0.138, 16.359, 0.109, 3.708, 1
0.139, 16.358, 0.11, 3.727, 1
0.14, 16.358, 0.111, 3.774, 1
0.141, 16.357, 0.112, 3.788, 1
0.142, 16.356, 0.112, 3.794, 1
0.143, 16.356, 0.113, 3.809, 1
0.144, 16.355, 0.114, 3.879, 1
0.145, 16.355, 0.114, 3.879, 1
0.146, 16.354, 0.115, 3.91, 1
0.147, 16.353, 0.116, 3.919, 1
0.148, 16.352, 0.117, 3.977, 1
0.149, 16.351, 0.118, 4.003, 1
0.15, 16.35, 0.119, 4.039, 1
0.151, 16.349, 0.12, 4.057, 1
0.152, 16.349, 0.12, 4.058, 1
0.153, 16.348, 0.121, 4.089, 1
0.154, 16.347, 0.122, 4.13, 1
0.155, 16.345, 0.123, 4.177, 1
0.156, 16.344, 0.124, 4.208, 1
0.157, 16.343, 0.124, 4.202, 1
0.158, 16.342, 0.125, 4.271, 1
0.159, 16.341, 0.126, 4.288, 1
0.16, 16.339, 0.127, 4.318, 1
0.161, 16.339, 0.128, 4.34, 1
0.162, 16.339, 0.128, 4.345, 1
0.163, 16.338, 0.129, 4.402, 1
0.164, 16.337, 0.13, 4.442, 1
0.165, 16.336, 0.131, 4.465, 1
0.166, 16.335, 0.132, 4.495, 1
0.167, 16.335, 0.132, 4.494, 1
0.168, 16.333, 0.133, 4.538, 1
0.169, 16.333, 0.134, 4.578, 1
0.17, 16.332, 0.135, 4.607, 1
0.171, 16.331, 0.136, 4.629, 1
0.172, 16.331, 0.136, 4.642, 1
0.173, 16.33, 0.137, 4.667, 1
0.174, 16.328, 0.138, 4.726, 1
0.175, 16.327, 0.139, 4.764, 1
0.176, 16.325, 0.14, 4.79, 1
0.177, 16.326, 0.14, 4.792, 1
0.178, 16.325, 0.141, 4.805, 1
0.179, 16.324, 0.142, 4.871, 1
0.18, 16.322, 0.143, 4.911, 1
0.181, 16.321, 0.144, 4.942, 1
0.182, 16.321, 0.144, 4.938, 1
0.183, 16.32, 0.145, 4.976, 1
0.184, 16.319, 0.146, 5.042, 1
0.185, 16.317, 0.147, 5.109, 1
0.186, 16.316, 0.148, 5.096, 1
0.187, 16.316, 0.148, 5.116, 1
0.188, 16.314, 0.149, 5.177, 1
0.189, 16.312, 0.15, 5.214, 1
0.19, 16.312, 0.151, 5.218, 1
0.191, 16.31, 0.152, 5.259, 1
0.192, 16.31, 0.152, 5.274, 1
0.193, 16.308, 0.153, 5.317, 1
0.194, 16.307, 0.154, 5.366, 1
0.195, 16.306, 0.155, 5.384, 1
0.196, 16.305, 0.156, 5.439, 1
0.197, 16.305, 0.156, 5.426, 1
0.198, 16.304, 0.157, 5.435, 1
0.199, 16.302, 0.158, 5.525, 1
0.2, 16.3, 0.159, 5.553, 1
0.201, 16.299, 0.16, 5.562, 1
0.202, 16.299, 0.16, 5.563, 1
0.203, 16.298, 0.161, 5.605, 1
0.204, 16.298, 0.161, 5.605, 1
0.205, 16.295, 0.163, 5.701, 1
0.206, 16.293, 0.164, 5.726, 1
0.207, 16.293, 0.164, 5.731, 1
0.208, 16.292, 0.165, 5.771, 1
0.209, 16.292, 0.166, 5.798, 1
0.21, 16.289, 0.167, 5.862, 1
0.211, 16.288, 0.168, 5.889, 1
0.212, 16.287, 0.168, 5.897, 1
0.213, 16.285, 0.169, 5.974, 1
0.214, 16.284, 0.17, 5.971, 1
0.215, 16.283, 0.171, 6.028, 1
0.216, 16.282, 0.172, 6.048, 1
0.217, 16.282, 0.172, 6.048, 1
0.218, 16.28, 0.173, 6.101, 1
0.219, 16.278, 0.174, 6.145, 1
0.22, 16.276, 0.175, 6.196, 1
0.221, 16.274, 0.176, 6.205, 1
0.222, 16.274, 0.176, 6.198, 1
0.223, 16.274, 0.176, 6.198, 1
0.224, 16.271, 0.178, 6.292, 1
0.225, 16.271, 0.178, 6.292, 1
0.226, 16.27, 0.179, 6.328, 1
0.227, 16.269, 0.18, 6.368, 1
0.228, 16.268, 0.181, 6.406, 1
0.229, 16.265, 0.182, 6.453, 1
0.23, 16.262, 0.183, 6.497, 1
0.231, 16.261, 0.184, 6.525, 1
0.232, 16.261, 0.184, 6.529, 1
0.233, 16.26, 0.185, 6.562, 1
0.234, 16.259, 0.186, 6.583, 1
0.235, 16.256, 0.187, 6.653, 1
0.236, 16.254, 0.188, 6.685, 1
0.237, 16.254, 0.188, 6.69, 1
0.238, 16.252, 0.189, 6.727, 1
0.239, 16.25, 0.19, 6.79, 1
0.24, 16.25, 0.191, 6.796, 1
0.241, 16.249, 0.192, 6.851, 1
0.242, 16.249, 0.192, 6.851, 1
0.243, 16.249, 0.192, 6.851, 1
0.244, 16.245, 0.193, 6.902, 1
0.245, 16.245, 0.193, 6.902, 1
0.246, 16.242, 0.196, 6.984, 1
0.247, 16.241, 0.196, 6.976, 1
0.248, 16.24, 0.197, 7.004, 1
0.249, 16.237, 0.198, 7.07, 1
0.25, 16.236, 0.199, 7.109, 1
0.251, 16.234, 0.2, 7.143, 1
0.252, 16.233, 0.2, 7.149, 1
0.253, 16.232, 0.201, 7.169, 1
0.254, 16.23, 0.202, 7.227, 1
0.255, 16.228, 0.203, 7.243, 1
0.256, 16.227, 0.204, 7.294, 1
0.257, 16.226, 0.204, 7.282, 1
0.258, 16.225, 0.205, 7.296, 1
0.259, 16.223, 0.206, 7.332, 1
0.26, 16.223, 0.206, 7.332, 1
0.261, 16.22, 0.207, 7.398, 1
0.262, 16.219, 0.208, 7.449, 1
0.263, 16.217, 0.209, 7.489, 1
0.264, 16.214, 0.21, 7.531, 1
0.265, 16.214, 0.211, 7.559, 1
0.266, 16.212, 0.212, 7.588, 1
0.267, 16.211, 0.212, 7.584, 1
0.268, 16.209, 0.213, 7.647, 1
0.269, 16.209, 0.213, 7.647, 1
0.27, 16.206, 0.215, 7.707, 1
0.271, 16.205, 0.216, 7.74, 1
0.272, 16.204, 0.216, 7.733, 1
0.273, 16.203, 0.217, 7.75, 1
0.274, 16.201, 0.218, 7.798, 1
0.275, 16.199, 0.219, 7.845, 1
0.276, 16.197, 0.22, 7.871, 1
0.277, 16.196, 0.22, 7.893, 1
0.278, 16.195, 0.221, 7.914, 1
0.279, 16.193, 0.222, 7.985, 1
0.28, 16.191, 0.223, 7.992, 1
0.281, 16.189, 0.224, 8.01, 1
0.282, 16.188, 0.224, 8.027, 1
0.283, 16.188, 0.225, 8.042, 1
0.284, 16.188, 0.224, 8.019, 1
0.285, 16.188, 0.224, 8.019, 1
0.286, 16.19, 0.223, 8.002, 1
0.287, 16.19, 0.223, 8.004, 1
0.288, 16.193, 0.221, 7.902, 1
0.289, 16.196, 0.22, 7.877, 1
0.29, 16.199, 0.219, 7.859, 1
0.291, 16.2, 0.218, 7.808, 1
0.292, 16.201, 0.218, 7.823, 1
0.293, 16.202, 0.217, 7.767, 1
0.294, 16.205, 0.216, 7.742, 1
0.295, 16.206, 0.215, 7.686, 1
0.296, 16.208, 0.214, 7.664, 1
0.297, 16.208, 0.214, 7.667, 1
0.298, 16.209, 0.213, 7.652, 1
0.299, 16.211, 0.212, 7.571, 1
0.3, 16.214, 0.211, 7.543, 1
0.301, 16.216, 0.21, 7.504, 1
0.302, 16.217, 0.21, 7.517, 1
0.303, 16.218, 0.209, 7.481, 1
0.304, 16.22, 0.208, 7.433, 1
0.305, 16.222, 0.207, 7.409, 1
0.306, 16.224, 0.206, 7.334, 1
0.307, 16.225, 0.206, 7.341, 1
0.308, 16.227, 0.205, 7.32, 1
0.309, 16.228, 0.204, 7.298, 1
0.31, 16.23, 0.203, 7.264, 1
0.311, 16.23, 0.202, 7.24, 1
0.312, 16.232, 0.202, 7.209, 1
0.313, 16.234, 0.201, 7.154, 1
0.314, 16.235, 0.2, 7.112, 1
0.315, 16.237, 0.199, 7.086, 1
0.316, 16.238, 0.198, 7.075, 1
0.317, 16.239, 0.198, 7.065, 1
0.318, 16.241, 0.197, 7.021, 1
0.319, 16.242, 0.196, 6.981, 1
0.32, 16.243, 0.195, 6.955, 1
0.321, 16.243, 0.195, 6.955, 1
0.322, 16.246, 0.194, 6.927, 1
0.323, 16.246, 0.193, 6.892, 1
0.324, 16.249, 0.192, 6.832, 1
0.325, 16.25, 0.191, 6.781, 1
0.326, 16.251, 0.19, 6.754, 1
0.327, 16.252, 0.19, 6.78, 1
0.328, 16.253, 0.189, 6.712, 1
0.329, 16.255, 0.188, 6.664, 1
0.33, 16.257, 0.187, 6.624, 1
0.331, 16.26, 0.186, 6.569, 1
0.332, 16.26, 0.186, 6.583, 1
0.333, 16.262, 0.185, 6.562, 1
0.334, 16.262, 0.184, 6.507, 1
0.335, 16.264, 0.183, 6.475, 1
0.336, 16.265, 0.182, 6.439, 1
0.337, 16.265, 0.182, 6.434, 1
0.338, 16.266, 0.181, 6.395, 1
0.339, 16.268, 0.18, 6.361, 1
0.34, 16.27, 0.179, 6.323, 1
0.341, 16.271, 0.178, 6.288, 1
0.342, 16.271, 0.178, 6.274, 1
0.343, 16.271, 0.177, 6.215, 1
0.344, 16.273, 0.176, 6.204, 1
0.345, 16.274, 0.175, 6.169, 1
0.346, 16.276, 0.174, 6.122, 1
0.347, 16.277, 0.174, 6.135, 1
0.348, 16.278, 0.173, 6.097, 1
0.349, 16.279, 0.172, 6.039, 1
0.35, 16.281, 0.171, 6.001, 1
0.351, 16.283, 0.17, 5.966, 1
0.352, 16.284, 0.17, 5.984, 1
0.353, 16.285, 0.169, 5.946, 1
0.354, 16.286, 0.168, 5.897, 1
0.355, 16.288, 0.167, 5.867, 1
0.356, 16.288, 0.167, 5.867, 1
0.357, 16.288, 0.167, 5.867, 1
0.358, 16.291, 0.166, 5.792, 1
0.359, 16.29, 0.166, 5.785, 1
0.36, 16.292, 0.163, 5.679, 1
0.361, 16.294, 0.162, 5.636, 1
0.362, 16.295, 0.162, 5.671, 1
0.363, 16.296, 0.161, 5.589, 1
0.364, 16.297, 0.16, 5.559, 1
0.365, 16.298, 0.159, 5.538, 1
0.366, 16.299, 0.158, 5.51, 1
0.367, 16.3, 0.158, 5.494, 1
0.368, 16.301, 0.157, 5.438, 1
0.369, 16.303, 0.156, 5.392, 1
0.37, 16.304, 0.155, 5.362, 1
0.371, 16.305, 0.154, 5.34, 1
0.372, 16.305, 0.154, 5.339, 1
0.373, 16.306, 0.153, 5.333, 1
0.374, 16.308, 0.152, 5.241, 1
0.375, 16.309, 0.151, 5.216, 1
0.376, 16.311, 0.15, 5.205, 1
0.377, 16.311, 0.15, 5.189, 1
0.378, 16.311, 0.149, 5.151, 1
0.379, 16.312, 0.148, 5.092, 1
0.38, 16.314, 0.147, 5.049, 1
0.381, 16.315, 0.146, 5.032, 1
0.382, 16.316, 0.146, 5.032, 1
0.383, 16.317, 0.145, 4.974, 1
0.384, 16.319, 0.144, 4.945, 1
0.385, 16.32, 0.143, 4.885, 1
0.386, 16.321, 0.142, 4.86, 1
0.387, 16.321, 0.142, 4.887, 1
0.388, 16.322, 0.141, 4.812, 1
0.389, 16.323, 0.14, 4.784, 1
0.39, 16.325, 0.139, 4.75, 1
0.391, 16.326, 0.138, 4.717, 1
0.392, 16.326, 0.138, 4.715, 1
0.393, 16.326, 0.138, 4.715, 1
0.394, 16.329, 0.136, 4.643, 1
0.395, 16.33, 0.135, 4.598, 1
0.396, 16.33, 0.134, 4.576, 1
0.397, 16.331, 0.134, 4.558, 1
0.398, 16.333, 0.133, 4.526, 1
0.399, 16.336, 0.132, 4.485, 1
0.4, 16.337, 0.131, 4.47, 1
0.401, 16.337, 0.131, 4.47, 1
0.402, 16.339, 0.13, 4.426, 1
0.403, 16.34, 0.129, 4.391, 1
0.404, 16.342, 0.128, 4.327, 1
0.405, 16.343, 0.127, 4.316, 1
0.406, 16.344, 0.126, 4.275, 1
0.407, 16.345, 0.126, 4.277, 1
0.408, 16.346, 0.125, 4.254, 1
0.409, 16.347, 0.124, 4.175, 1
0.41, 16.348, 0.123, 4.173, 1
0.411, 16.349, 0.122, 4.128, 1
0.412, 16.349, 0.122, 4.109, 1
0.413, 16.35, 0.121, 4.08, 1
0.414, 16.351, 0.12, 4.058, 1
0.415, 16.351, 0.119, 4.022, 1
0.416, 16.352, 0.118, 3.999, 1
0.417, 16.353, 0.118, 4.007, 1
0.418, 16.354, 0.117, 3.948, 1
0.419, 16.354, 0.116, 3.911, 1
0.42, 16.355, 0.115, 3.882, 1
0.421, 16.357, 0.114, 3.856, 1
0.422, 16.357, 0.114, 3.869, 1
0.423, 16.358, 0.113, 3.824, 1
0.424, 16.359, 0.112, 3.769, 1
0.425, 16.36, 0.111, 3.749, 1
0.426, 16.361, 0.11, 3.729, 1
0.427, 16.361, 0.11, 3.727, 1
0.428, 16.361, 0.109, 3.715, 1
0.429, 16.361, 0.109, 3.715, 1
0.43, 16.363, 0.108, 3.644, 1
0.431, 16.364, 0.106, 3.596, 1
0.432, 16.364, 0.106, 3.604, 1
0.433, 16.364, 0.105, 3.567, 1
0.434, 16.366, 0.104, 3.536, 1
0.435, 16.367, 0.103, 3.497, 1
0.436, 16.369, 0.102, 3.45, 1
0.437, 16.369, 0.102, 3.45, 1
0.438, 16.369, 0.102, 3.463, 1
0.439, 16.37, 0.1, 3.417, 1
0.44, 16.371, 0.099, 3.396, 1
0.441, 16.372, 0.098, 3.349, 1
0.442, 16.372, 0.098, 3.371, 1
0.443, 16.373, 0.097, 3.318, 1
0.444, 16.374, 0.096, 3.311, 1
0.445, 16.375, 0.095, 3.254, 1
0.446, 16.375, 0.094, 3.26, 1
0.447, 16.375, 0.094, 3.245, 1
0.448, 16.375, 0.093, 3.193, 1
0.449, 16.376, 0.092, 3.168, 1
0.45, 16.377, 0.091, 3.123, 1
0.451, 16.378, 0.09, 3.134, 1
0.452, 16.378, 0.09, 3.119, 1
0.453, 16.378, 0.089, 3.109, 1
0.454, 16.378, 0.089, 3.109, 1
0.455, 16.38, 0.087, 3.028, 1
0.456, 16.381, 0.086, 3.04, 1
0.457, 16.381, 0.086, 3.032, 1
0.458, 16.381, 0.085, 3.001, 1
0.459, 16.382, 0.084, 2.965, 1
0.46, 16.382, 0.084, 2.965, 1
0.461, 16.383, 0.083, 2.912, 1
0.462, 16.384, 0.082, 2.888, 1
0.463, 16.385, 0.081, 2.854, 1
0.464, 16.385, 0.08, 2.808, 1
0.465, 16.386, 0.079, 2.817, 1
0.466, 16.386, 0.078, 2.775, 1
0.467, 16.386, 0.078, 2.784, 1
0.468, 16.387, 0.077, 2.735, 1
0.469, 16.387, 0.076, 2.711, 1
0.47, 16.387, 0.075, 2.695, 1
0.471, 16.389, 0.074, 2.645, 1
0.472, 16.389, 0.074, 2.668, 1
0.473, 16.389, 0.073, 2.6, 1
0.474, 16.391, 0.072, 2.586, 1
0.475, 16.391, 0.071, 2.564, 1
0.476, 16.391, 0.07, 2.521, 1
0.477, 16.391, 0.07, 2.521, 1
0.478, 16.392, 0.07, 2.541, 1
0.479, 16.391, 0.07, 2.537, 1
0.48, 16.392, 0.067, 2.417, 1
0.481, 16.393, 0.066, 2.39, 1
0.482, 16.394, 0.066, 2.41, 1
0.483, 16.394, 0.065, 2.358, 1
0.485, 16.395, 0.064, 2.464, 1
0.486, 16.395, 0.063, 2.38, 1
0.486, 16.395, 0.062, 2.509, 1
0.487, 16.396, 0.062, 2.535, 1
0.488, 16.396, 0.061, 2.563, 1
0.489, 16.396, 0.06, 2.367, 1
0.49, 16.396, 0.059, 2.461, 1
0.491, 16.397, 0.058, 2.695, 1
0.492, 16.396, 0.058, 2.554, 1
0.493, 16.397, 0.057, 2.619, 1
0.496, 16.398, 0.056, 2.728, 1
0.496, 16.399, 0.055, 2.902, 1
0.497, 16.399, 0.054, 2.906, 1
0.497, 16.399, 0.054, 2.886, 1
0.498, 16.399, 0.053, 3.009, 1
0.499, 16.4, 0.052, 3.207, 1
0.5, 16.4, 0.051, 3.137, 1
0.501, 16.401, 0.05, 3.125, 1
0.502, 16.4, 0.05, 3.333, 1
0.503, 16.4, 0.049, 3.196, 1
0.504, 16.401, 0.048, 3.334, 1
0.505, 16.401, 0.047, 3.349, 1
0.506, 16.401, 0.046, 3.302, 1
0.507, 16.401, 0.046, 3.34, 1
0.508, 16.4, 0.045, 3.266, 1
0.509, 16.399, 0.044, 3.329, 1
0.51, 16.399, 0.043, 3.269, 1
0.511, 16.398, 0.042, 3.27, 1
0.512, 16.399, 0.042, 3.252, 1
0.513, 16.399, 0.041, 3.218, 1
0.514, 16.399, 0.04, 3.204, 1
0.515, 16.4, 0.039, 3.16, 1
0.516, 16.399, 0.038, 3.13, 1
0.517, 16.399, 0.038, 3.103, 1
0.518, 16.399, 0.037, 3.038, 1
0.519, 16.4, 0.036, 3.017, 1
0.52, 16.4, 0.035, 2.965, 1
0.521, 16.4, 0.034, 2.952, 1
0.522, 16.4, 0.034, 2.949, 1
0.523, 16.4, 0.034, 2.949, 1
0.524, 16.401, 0.032, 2.744, 1
0.525, 16.402, 0.031, 2.646, 1
0.526, 16.402, 0.03, 2.578, 1
0.527, 16.402, 0.03, 2.645, 1
0.528, 16.402, 0.029, 2.58, 1
0.529, 16.402, 0.028, 2.411, 1
0.53, 16.402, 0.027, 2.344, 1
0.531, 16.402, 0.026, 2.147, 1
0.532, 16.402, 0.026, 2.129, 1
0.533, 16.402, 0.025, 2.015, 1
0.534, 16.402, 0.024, 1.708, 1
0.535, 16.402, 0.023, 1.522, 1
0.536, 16.402, 0.022, 1.568, 1
0.537, 16.402, 0.022, 1.472, 1
0.538, 16.403, 0.021, 1.239, 1
0.539, 16.403, 0.02, 0.7, 1
0.54, 16.403, 0.019, 0.993, 1
0.541, 16.403, 0.018, 0.277, 1
0.542, 16.404, 0.018, 0.265, 1
0.543, 16.404, 0.017, 0.262, 1
0.544, 16.404, 0.016, -0.002, 1
0.545, 16.404, 0.015, -0.005, 1
0.546, 16.404, 0.014, -0.015, 1
0.547, 16.404, 0.014, -0.012, 1
0.548, 16.404, 0.013, -0.007, 1
0.549, 16.404, 0.012, -0.018, 1
0.55, 16.404, 0.011, -0.008, 1
0.551, 16.404, 0.01, -0.015, 1
0.552, 16.404, 0.01, -0.009, 1
0.553, 16.404, 0.009, -0.006, 1
0.554, 16.403, 0.008, -0.005, 1
0.555, 16.403, 0.007, -0.004, 1
0.556, 16.403, 0.006, -0.006, 1
0.557, 16.404, 0.006, -0.013, 1
0.558, 16.403, 0.005, 0.002, 1
0.559, 16.403, 0.004, -0.015, 1
0.56, 16.403, 0.003, -0.005, 1
0.561, 16.404, 0.002, -0.01, 1
0.562, 16.403, 0.002, 0.0, 1
0.563, 16.404, 0.001, -0.015, 1
